cassandra,C:\Users\ismak\Documents\GitHub\relation_test_code_smell_ML\dataset\projects\cassandra\examples\ssl-factory\test\unit\org\apache\cassandra\security\KubernetesSecretsPEMSslContextFactoryTest.java,
cassandra,C:\Users\ismak\Documents\GitHub\relation_test_code_smell_ML\dataset\projects\cassandra\examples\ssl-factory\test\unit\org\apache\cassandra\security\KubernetesSecretsSslContextFactoryTest.java,
cassandra,C:\Users\ismak\Documents\GitHub\relation_test_code_smell_ML\dataset\projects\cassandra\test\anttasks\org\apache\cassandra\anttasks\TestHelper.java,
cassandra,C:\Users\ismak\Documents\GitHub\relation_test_code_smell_ML\dataset\projects\cassandra\test\anttasks\org\apache\cassandra\anttasks\TestNameCheckTask.java,
cassandra,C:\Users\ismak\Documents\GitHub\relation_test_code_smell_ML\dataset\projects\cassandra\test\burn\org\apache\cassandra\concurrent\LongOpOrderTest.java,
cassandra,C:\Users\ismak\Documents\GitHub\relation_test_code_smell_ML\dataset\projects\cassandra\test\burn\org\apache\cassandra\concurrent\LongSharedExecutorPoolTest.java,
cassandra,C:\Users\ismak\Documents\GitHub\relation_test_code_smell_ML\dataset\projects\cassandra\test\burn\org\apache\cassandra\net\ConnectionBurnTest.java,
cassandra,C:\Users\ismak\Documents\GitHub\relation_test_code_smell_ML\dataset\projects\cassandra\test\burn\org\apache\cassandra\service\accord\AccordExecutorBurnTest.java,
cassandra,C:\Users\ismak\Documents\GitHub\relation_test_code_smell_ML\dataset\projects\cassandra\test\burn\org\apache\cassandra\transport\DriverBurnTest.java,
cassandra,C:\Users\ismak\Documents\GitHub\relation_test_code_smell_ML\dataset\projects\cassandra\test\burn\org\apache\cassandra\transport\SimpleClientBurnTest.java,
cassandra,C:\Users\ismak\Documents\GitHub\relation_test_code_smell_ML\dataset\projects\cassandra\test\burn\org\apache\cassandra\transport\SimpleClientPerfTest.java,
cassandra,C:\Users\ismak\Documents\GitHub\relation_test_code_smell_ML\dataset\projects\cassandra\test\burn\org\apache\cassandra\utils\LongBTreeTest.java,
cassandra,C:\Users\ismak\Documents\GitHub\relation_test_code_smell_ML\dataset\projects\cassandra\test\burn\org\apache\cassandra\utils\memory\LongBufferPoolTest.java,
cassandra,C:\Users\ismak\Documents\GitHub\relation_test_code_smell_ML\dataset\projects\cassandra\test\distributed\org\apache\cassandra\distributed\impl\AbstractClusterTest.java,
cassandra,C:\Users\ismak\Documents\GitHub\relation_test_code_smell_ML\dataset\projects\cassandra\test\distributed\org\apache\cassandra\distributed\impl\TestChangeListener.java,
cassandra,C:\Users\ismak\Documents\GitHub\relation_test_code_smell_ML\dataset\projects\cassandra\test\distributed\org\apache\cassandra\distributed\impl\TestEndpointCache.java,
cassandra,C:\Users\ismak\Documents\GitHub\relation_test_code_smell_ML\dataset\projects\cassandra\test\distributed\org\apache\cassandra\distributed\MaterializedViewTest.java,
cassandra,C:\Users\ismak\Documents\GitHub\relation_test_code_smell_ML\dataset\projects\cassandra\test\distributed\org\apache\cassandra\distributed\test\AbstractHintWindowTest.java,
cassandra,C:\Users\ismak\Documents\GitHub\relation_test_code_smell_ML\dataset\projects\cassandra\test\distributed\org\apache\cassandra\distributed\test\AbstractNodetoolStatusTest.java,
cassandra,C:\Users\ismak\Documents\GitHub\relation_test_code_smell_ML\dataset\projects\cassandra\test\distributed\org\apache\cassandra\distributed\test\AbstractVirtualLogsTableTest.java,
cassandra,C:\Users\ismak\Documents\GitHub\relation_test_code_smell_ML\dataset\projects\cassandra\test\distributed\org\apache\cassandra\distributed\test\accord\AccordBootstrapTest.java,
cassandra,C:\Users\ismak\Documents\GitHub\relation_test_code_smell_ML\dataset\projects\cassandra\test\distributed\org\apache\cassandra\distributed\test\accord\AccordDeleteCommandStoreTest.java,
cassandra,C:\Users\ismak\Documents\GitHub\relation_test_code_smell_ML\dataset\projects\cassandra\test\distributed\org\apache\cassandra\distributed\test\accord\AccordDropKeyspaceTest.java,
cassandra,C:\Users\ismak\Documents\GitHub\relation_test_code_smell_ML\dataset\projects\cassandra\test\distributed\org\apache\cassandra\distributed\test\accord\AccordDropTableTest.java,
cassandra,C:\Users\ismak\Documents\GitHub\relation_test_code_smell_ML\dataset\projects\cassandra\test\distributed\org\apache\cassandra\distributed\test\accord\AccordFastpathConfigurationTest.java,
cassandra,C:\Users\ismak\Documents\GitHub\relation_test_code_smell_ML\dataset\projects\cassandra\test\distributed\org\apache\cassandra\distributed\test\accord\AccordFeatureFlagTest.java,
cassandra,C:\Users\ismak\Documents\GitHub\relation_test_code_smell_ML\dataset\projects\cassandra\test\distributed\org\apache\cassandra\distributed\test\accord\AccordHostReplacementTest.java,
cassandra,C:\Users\ismak\Documents\GitHub\relation_test_code_smell_ML\dataset\projects\cassandra\test\distributed\org\apache\cassandra\distributed\test\accord\AccordIncrementalRepairTest.java,
cassandra,C:\Users\ismak\Documents\GitHub\relation_test_code_smell_ML\dataset\projects\cassandra\test\distributed\org\apache\cassandra\distributed\test\accord\AccordIntegrationTest.java,
cassandra,C:\Users\ismak\Documents\GitHub\relation_test_code_smell_ML\dataset\projects\cassandra\test\distributed\org\apache\cassandra\distributed\test\accord\AccordInteroperabilityTest.java,
cassandra,C:\Users\ismak\Documents\GitHub\relation_test_code_smell_ML\dataset\projects\cassandra\test\distributed\org\apache\cassandra\distributed\test\accord\AccordInteropReadTest.java,
cassandra,C:\Users\ismak\Documents\GitHub\relation_test_code_smell_ML\dataset\projects\cassandra\test\distributed\org\apache\cassandra\distributed\test\accord\AccordJournalIntegrationTest.java,
cassandra,C:\Users\ismak\Documents\GitHub\relation_test_code_smell_ML\dataset\projects\cassandra\test\distributed\org\apache\cassandra\distributed\test\accord\AccordLoadTest.java,
cassandra,C:\Users\ismak\Documents\GitHub\relation_test_code_smell_ML\dataset\projects\cassandra\test\distributed\org\apache\cassandra\distributed\test\accord\AccordMetricsTest.java,
cassandra,C:\Users\ismak\Documents\GitHub\relation_test_code_smell_ML\dataset\projects\cassandra\test\distributed\org\apache\cassandra\distributed\test\accord\AccordMigrationTest.java,
cassandra,C:\Users\ismak\Documents\GitHub\relation_test_code_smell_ML\dataset\projects\cassandra\test\distributed\org\apache\cassandra\distributed\test\accord\AccordMoveTest.java,
cassandra,C:\Users\ismak\Documents\GitHub\relation_test_code_smell_ML\dataset\projects\cassandra\test\distributed\org\apache\cassandra\distributed\test\accord\AccordNodetoolTest.java,
cassandra,C:\Users\ismak\Documents\GitHub\relation_test_code_smell_ML\dataset\projects\cassandra\test\distributed\org\apache\cassandra\distributed\test\accord\AccordProgressLogTest.java,
cassandra,C:\Users\ismak\Documents\GitHub\relation_test_code_smell_ML\dataset\projects\cassandra\test\distributed\org\apache\cassandra\distributed\test\accord\AccordReadInteroperabilityTest.java,
cassandra,C:\Users\ismak\Documents\GitHub\relation_test_code_smell_ML\dataset\projects\cassandra\test\distributed\org\apache\cassandra\distributed\test\accord\AccordRecoverFromAvailabilityLossTest.java,
cassandra,C:\Users\ismak\Documents\GitHub\relation_test_code_smell_ML\dataset\projects\cassandra\test\distributed\org\apache\cassandra\distributed\test\accord\AccordRegainRangesTest.java,
cassandra,C:\Users\ismak\Documents\GitHub\relation_test_code_smell_ML\dataset\projects\cassandra\test\distributed\org\apache\cassandra\distributed\test\accord\AccordSimpleFastPathTest.java,
cassandra,C:\Users\ismak\Documents\GitHub\relation_test_code_smell_ML\dataset\projects\cassandra\test\distributed\org\apache\cassandra\distributed\test\accord\AccordTimestampPreservationTest.java,
cassandra,C:\Users\ismak\Documents\GitHub\relation_test_code_smell_ML\dataset\projects\cassandra\test\distributed\org\apache\cassandra\distributed\test\accord\AccordTopologyTest.java,
cassandra,C:\Users\ismak\Documents\GitHub\relation_test_code_smell_ML\dataset\projects\cassandra\test\distributed\org\apache\cassandra\distributed\test\accord\AccordWriteInteroperabilityTest.java,
cassandra,C:\Users\ismak\Documents\GitHub\relation_test_code_smell_ML\dataset\projects\cassandra\test\distributed\org\apache\cassandra\distributed\test\accord\FullAccordCQLTest.java,
cassandra,C:\Users\ismak\Documents\GitHub\relation_test_code_smell_ML\dataset\projects\cassandra\test\distributed\org\apache\cassandra\distributed\test\accord\InteropAccordCQLTest.java,
cassandra,C:\Users\ismak\Documents\GitHub\relation_test_code_smell_ML\dataset\projects\cassandra\test\distributed\org\apache\cassandra\distributed\test\accord\InteropTokenRangeTest.java,
cassandra,C:\Users\ismak\Documents\GitHub\relation_test_code_smell_ML\dataset\projects\cassandra\test\distributed\org\apache\cassandra\distributed\test\accord\journal\AccordJournalConsistentExpungeTest.java,
cassandra,C:\Users\ismak\Documents\GitHub\relation_test_code_smell_ML\dataset\projects\cassandra\test\distributed\org\apache\cassandra\distributed\test\accord\journal\AccordJournalReplayTest.java,
cassandra,C:\Users\ismak\Documents\GitHub\relation_test_code_smell_ML\dataset\projects\cassandra\test\distributed\org\apache\cassandra\distributed\test\accord\journal\JournalAccessRouteIndexOnStartupRaceTest.java,
cassandra,C:\Users\ismak\Documents\GitHub\relation_test_code_smell_ML\dataset\projects\cassandra\test\distributed\org\apache\cassandra\distributed\test\accord\journal\StatefulJournalRestartTest.java,
cassandra,C:\Users\ismak\Documents\GitHub\relation_test_code_smell_ML\dataset\projects\cassandra\test\distributed\org\apache\cassandra\distributed\test\accord\MigrationFromAccordReadRaceTest.java,
cassandra,C:\Users\ismak\Documents\GitHub\relation_test_code_smell_ML\dataset\projects\cassandra\test\distributed\org\apache\cassandra\distributed\test\accord\MigrationFromAccordWriteRaceTest.java,
cassandra,C:\Users\ismak\Documents\GitHub\relation_test_code_smell_ML\dataset\projects\cassandra\test\distributed\org\apache\cassandra\distributed\test\accord\MigrationToAccordReadRaceTest.java,
cassandra,C:\Users\ismak\Documents\GitHub\relation_test_code_smell_ML\dataset\projects\cassandra\test\distributed\org\apache\cassandra\distributed\test\accord\MigrationToAccordWriteRaceTest.java,
cassandra,C:\Users\ismak\Documents\GitHub\relation_test_code_smell_ML\dataset\projects\cassandra\test\distributed\org\apache\cassandra\distributed\test\accord\MixedReadAccordCQLTest.java,
cassandra,C:\Users\ismak\Documents\GitHub\relation_test_code_smell_ML\dataset\projects\cassandra\test\distributed\org\apache\cassandra\distributed\test\accord\NewSchemaTest.java,
cassandra,C:\Users\ismak\Documents\GitHub\relation_test_code_smell_ML\dataset\projects\cassandra\test\distributed\org\apache\cassandra\distributed\test\AllowAutoSnapshotTest.java,
cassandra,C:\Users\ismak\Documents\GitHub\relation_test_code_smell_ML\dataset\projects\cassandra\test\distributed\org\apache\cassandra\distributed\test\AlterTest.java,
cassandra,C:\Users\ismak\Documents\GitHub\relation_test_code_smell_ML\dataset\projects\cassandra\test\distributed\org\apache\cassandra\distributed\test\AsyncProfilerTest.java,
cassandra,C:\Users\ismak\Documents\GitHub\relation_test_code_smell_ML\dataset\projects\cassandra\test\distributed\org\apache\cassandra\distributed\test\auth\AuthAuditLoggingTest.java,
cassandra,C:\Users\ismak\Documents\GitHub\relation_test_code_smell_ML\dataset\projects\cassandra\test\distributed\org\apache\cassandra\distributed\test\auth\CIDRAuthorizerConfigTest.java,
cassandra,C:\Users\ismak\Documents\GitHub\relation_test_code_smell_ML\dataset\projects\cassandra\test\distributed\org\apache\cassandra\distributed\test\auth\MutualTlsCertificateValidityPeriodTest.java,
cassandra,C:\Users\ismak\Documents\GitHub\relation_test_code_smell_ML\dataset\projects\cassandra\test\distributed\org\apache\cassandra\distributed\test\auth\RoleRevocationTest.java,
cassandra,C:\Users\ismak\Documents\GitHub\relation_test_code_smell_ML\dataset\projects\cassandra\test\distributed\org\apache\cassandra\distributed\test\AuthTest.java,
cassandra,C:\Users\ismak\Documents\GitHub\relation_test_code_smell_ML\dataset\projects\cassandra\test\distributed\org\apache\cassandra\distributed\test\AutoSnapshotTtlTest.java,
cassandra,C:\Users\ismak\Documents\GitHub\relation_test_code_smell_ML\dataset\projects\cassandra\test\distributed\org\apache\cassandra\distributed\test\BetweenInversionTest.java,
cassandra,C:\Users\ismak\Documents\GitHub\relation_test_code_smell_ML\dataset\projects\cassandra\test\distributed\org\apache\cassandra\distributed\test\BooleanTest.java,
cassandra,C:\Users\ismak\Documents\GitHub\relation_test_code_smell_ML\dataset\projects\cassandra\test\distributed\org\apache\cassandra\distributed\test\BootstrapBinaryDisabledTest.java,
cassandra,C:\Users\ismak\Documents\GitHub\relation_test_code_smell_ML\dataset\projects\cassandra\test\distributed\org\apache\cassandra\distributed\test\ByteBuddyExamplesTest.java,
cassandra,C:\Users\ismak\Documents\GitHub\relation_test_code_smell_ML\dataset\projects\cassandra\test\distributed\org\apache\cassandra\distributed\test\CASAddTest.java,
cassandra,C:\Users\ismak\Documents\GitHub\relation_test_code_smell_ML\dataset\projects\cassandra\test\distributed\org\apache\cassandra\distributed\test\CASContentionTest.java,
cassandra,C:\Users\ismak\Documents\GitHub\relation_test_code_smell_ML\dataset\projects\cassandra\test\distributed\org\apache\cassandra\distributed\test\CasCriticalSectionTest.java,
cassandra,C:\Users\ismak\Documents\GitHub\relation_test_code_smell_ML\dataset\projects\cassandra\test\distributed\org\apache\cassandra\distributed\test\CASMultiDCTest.java,
cassandra,C:\Users\ismak\Documents\GitHub\relation_test_code_smell_ML\dataset\projects\cassandra\test\distributed\org\apache\cassandra\distributed\test\CASTest.java,
cassandra,C:\Users\ismak\Documents\GitHub\relation_test_code_smell_ML\dataset\projects\cassandra\test\distributed\org\apache\cassandra\distributed\test\CasWriteTest.java,
cassandra,C:\Users\ismak\Documents\GitHub\relation_test_code_smell_ML\dataset\projects\cassandra\test\distributed\org\apache\cassandra\distributed\test\cdc\ToggleCDCOnRepairEnabledTest.java,
cassandra,C:\Users\ismak\Documents\GitHub\relation_test_code_smell_ML\dataset\projects\cassandra\test\distributed\org\apache\cassandra\distributed\test\cdc\ToggleCDCWithConstraintsOnRepairEnabledTest.java,
cassandra,C:\Users\ismak\Documents\GitHub\relation_test_code_smell_ML\dataset\projects\cassandra\test\distributed\org\apache\cassandra\distributed\test\ClearSnapshotTest.java,
cassandra,C:\Users\ismak\Documents\GitHub\relation_test_code_smell_ML\dataset\projects\cassandra\test\distributed\org\apache\cassandra\distributed\test\ClientNetworkStopStartTest.java,
cassandra,C:\Users\ismak\Documents\GitHub\relation_test_code_smell_ML\dataset\projects\cassandra\test\distributed\org\apache\cassandra\distributed\test\ClusterStorageUsageTest.java,
cassandra,C:\Users\ismak\Documents\GitHub\relation_test_code_smell_ML\dataset\projects\cassandra\test\distributed\org\apache\cassandra\distributed\test\cms\CMSAddressChangeTest.java,
cassandra,C:\Users\ismak\Documents\GitHub\relation_test_code_smell_ML\dataset\projects\cassandra\test\distributed\org\apache\cassandra\distributed\test\CollectionsTest.java,
cassandra,C:\Users\ismak\Documents\GitHub\relation_test_code_smell_ML\dataset\projects\cassandra\test\distributed\org\apache\cassandra\distributed\test\ColumnConstraintsTest.java,
cassandra,C:\Users\ismak\Documents\GitHub\relation_test_code_smell_ML\dataset\projects\cassandra\test\distributed\org\apache\cassandra\distributed\test\ColumnFamilyStoreMBeansTest.java,
cassandra,C:\Users\ismak\Documents\GitHub\relation_test_code_smell_ML\dataset\projects\cassandra\test\distributed\org\apache\cassandra\distributed\test\ColumnMaskTest.java,
cassandra,C:\Users\ismak\Documents\GitHub\relation_test_code_smell_ML\dataset\projects\cassandra\test\distributed\org\apache\cassandra\distributed\test\CompactionDiskSpaceTest.java,
cassandra,C:\Users\ismak\Documents\GitHub\relation_test_code_smell_ML\dataset\projects\cassandra\test\distributed\org\apache\cassandra\distributed\test\CompactionOverlappingSSTableTest.java,
cassandra,C:\Users\ismak\Documents\GitHub\relation_test_code_smell_ML\dataset\projects\cassandra\test\distributed\org\apache\cassandra\distributed\test\CompactionStrategyOverrideTest.java,
cassandra,C:\Users\ismak\Documents\GitHub\relation_test_code_smell_ML\dataset\projects\cassandra\test\distributed\org\apache\cassandra\distributed\test\CompressorProviderTest.java,
cassandra,C:\Users\ismak\Documents\GitHub\relation_test_code_smell_ML\dataset\projects\cassandra\test\distributed\org\apache\cassandra\distributed\test\CountersTest.java,
cassandra,C:\Users\ismak\Documents\GitHub\relation_test_code_smell_ML\dataset\projects\cassandra\test\distributed\org\apache\cassandra\distributed\test\cql3\FullAccordInteropMultiNodeTableWalkTest.java,
cassandra,C:\Users\ismak\Documents\GitHub\relation_test_code_smell_ML\dataset\projects\cassandra\test\distributed\org\apache\cassandra\distributed\test\cql3\FullAccordInteropMultiNodeTokenConflictTest.java,
cassandra,C:\Users\ismak\Documents\GitHub\relation_test_code_smell_ML\dataset\projects\cassandra\test\distributed\org\apache\cassandra\distributed\test\cql3\MixedReadsAccordInteropMultiNodeTableWalkTest.java,
cassandra,C:\Users\ismak\Documents\GitHub\relation_test_code_smell_ML\dataset\projects\cassandra\test\distributed\org\apache\cassandra\distributed\test\cql3\MixedReadsAccordInteropMultiNodeTokenConflictTest.java,
cassandra,C:\Users\ismak\Documents\GitHub\relation_test_code_smell_ML\dataset\projects\cassandra\test\distributed\org\apache\cassandra\distributed\test\cql3\MultiNodeTableWalkWithoutReadRepairTest.java,
cassandra,C:\Users\ismak\Documents\GitHub\relation_test_code_smell_ML\dataset\projects\cassandra\test\distributed\org\apache\cassandra\distributed\test\cql3\MultiNodeTableWalkWithReadRepairTest.java,
cassandra,C:\Users\ismak\Documents\GitHub\relation_test_code_smell_ML\dataset\projects\cassandra\test\distributed\org\apache\cassandra\distributed\test\cql3\MultiNodeTokenConflictTest.java,
cassandra,C:\Users\ismak\Documents\GitHub\relation_test_code_smell_ML\dataset\projects\cassandra\test\distributed\org\apache\cassandra\distributed\test\cql3\PaxosV1MultiNodeTableWalkTest.java,
cassandra,C:\Users\ismak\Documents\GitHub\relation_test_code_smell_ML\dataset\projects\cassandra\test\distributed\org\apache\cassandra\distributed\test\cql3\PaxosV2MultiNodeTableWalkTest.java,
cassandra,C:\Users\ismak\Documents\GitHub\relation_test_code_smell_ML\dataset\projects\cassandra\test\distributed\org\apache\cassandra\distributed\test\cql3\SingleNodeTableWalkTest.java,
cassandra,C:\Users\ismak\Documents\GitHub\relation_test_code_smell_ML\dataset\projects\cassandra\test\distributed\org\apache\cassandra\distributed\test\cql3\SingleNodeTokenConflictTest.java,
cassandra,C:\Users\ismak\Documents\GitHub\relation_test_code_smell_ML\dataset\projects\cassandra\test\distributed\org\apache\cassandra\distributed\test\CreateTableNonDeterministicTest.java,
cassandra,C:\Users\ismak\Documents\GitHub\relation_test_code_smell_ML\dataset\projects\cassandra\test\distributed\org\apache\cassandra\distributed\test\CryptoProviderTest.java,
cassandra,C:\Users\ismak\Documents\GitHub\relation_test_code_smell_ML\dataset\projects\cassandra\test\distributed\org\apache\cassandra\distributed\test\DataResurrectionCheckTest.java,
cassandra,C:\Users\ismak\Documents\GitHub\relation_test_code_smell_ML\dataset\projects\cassandra\test\distributed\org\apache\cassandra\distributed\test\DecommissionTest.java,
cassandra,C:\Users\ismak\Documents\GitHub\relation_test_code_smell_ML\dataset\projects\cassandra\test\distributed\org\apache\cassandra\distributed\test\DisableBinaryTest.java,
cassandra,C:\Users\ismak\Documents\GitHub\relation_test_code_smell_ML\dataset\projects\cassandra\test\distributed\org\apache\cassandra\distributed\test\DistinctReadTest.java,
cassandra,C:\Users\ismak\Documents\GitHub\relation_test_code_smell_ML\dataset\projects\cassandra\test\distributed\org\apache\cassandra\distributed\test\DistributedRowUtilTest.java,
cassandra,C:\Users\ismak\Documents\GitHub\relation_test_code_smell_ML\dataset\projects\cassandra\test\distributed\org\apache\cassandra\distributed\test\DropColumnTest.java,
cassandra,C:\Users\ismak\Documents\GitHub\relation_test_code_smell_ML\dataset\projects\cassandra\test\distributed\org\apache\cassandra\distributed\test\DurableWritesTest.java,
cassandra,C:\Users\ismak\Documents\GitHub\relation_test_code_smell_ML\dataset\projects\cassandra\test\distributed\org\apache\cassandra\distributed\test\EphemeralSnapshotTest.java,
cassandra,C:\Users\ismak\Documents\GitHub\relation_test_code_smell_ML\dataset\projects\cassandra\test\distributed\org\apache\cassandra\distributed\test\ExpandCQLTest.java,
cassandra,C:\Users\ismak\Documents\GitHub\relation_test_code_smell_ML\dataset\projects\cassandra\test\distributed\org\apache\cassandra\distributed\test\FailingMoveTest.java,
cassandra,C:\Users\ismak\Documents\GitHub\relation_test_code_smell_ML\dataset\projects\cassandra\test\distributed\org\apache\cassandra\distributed\test\FailingRepairTest.java,
cassandra,C:\Users\ismak\Documents\GitHub\relation_test_code_smell_ML\dataset\projects\cassandra\test\distributed\org\apache\cassandra\distributed\test\FailingResponseDoesNotLogTest.java,
cassandra,C:\Users\ismak\Documents\GitHub\relation_test_code_smell_ML\dataset\projects\cassandra\test\distributed\org\apache\cassandra\distributed\test\FailingTruncationTest.java,
cassandra,C:\Users\ismak\Documents\GitHub\relation_test_code_smell_ML\dataset\projects\cassandra\test\distributed\org\apache\cassandra\distributed\test\FailureLoggingTest.java,
cassandra,C:\Users\ismak\Documents\GitHub\relation_test_code_smell_ML\dataset\projects\cassandra\test\distributed\org\apache\cassandra\distributed\test\fql\FqlReplayDDLExclusionTest.java,
cassandra,C:\Users\ismak\Documents\GitHub\relation_test_code_smell_ML\dataset\projects\cassandra\test\distributed\org\apache\cassandra\distributed\test\fql\FqlTombstoneHandlingTest.java,
cassandra,C:\Users\ismak\Documents\GitHub\relation_test_code_smell_ML\dataset\projects\cassandra\test\distributed\org\apache\cassandra\distributed\test\FrozenUDTTest.java,
cassandra,C:\Users\ismak\Documents\GitHub\relation_test_code_smell_ML\dataset\projects\cassandra\test\distributed\org\apache\cassandra\distributed\test\FullRepairCoordinatorFastTest.java,
cassandra,C:\Users\ismak\Documents\GitHub\relation_test_code_smell_ML\dataset\projects\cassandra\test\distributed\org\apache\cassandra\distributed\test\FullRepairCoordinatorNeighbourDownTest.java,
cassandra,C:\Users\ismak\Documents\GitHub\relation_test_code_smell_ML\dataset\projects\cassandra\test\distributed\org\apache\cassandra\distributed\test\FullRepairCoordinatorTimeoutTest.java,
cassandra,C:\Users\ismak\Documents\GitHub\relation_test_code_smell_ML\dataset\projects\cassandra\test\distributed\org\apache\cassandra\distributed\test\GetEndpointsTest.java,
cassandra,C:\Users\ismak\Documents\GitHub\relation_test_code_smell_ML\dataset\projects\cassandra\test\distributed\org\apache\cassandra\distributed\test\gossip\GossipExpiryAfterAssassinateTest.java,
cassandra,C:\Users\ismak\Documents\GitHub\relation_test_code_smell_ML\dataset\projects\cassandra\test\distributed\org\apache\cassandra\distributed\test\gossip\GossipExpiryAfterDecommissionTest.java,
cassandra,C:\Users\ismak\Documents\GitHub\relation_test_code_smell_ML\dataset\projects\cassandra\test\distributed\org\apache\cassandra\distributed\test\gossip\GossipExpiryAfterRemoveNodeTest.java,
cassandra,C:\Users\ismak\Documents\GitHub\relation_test_code_smell_ML\dataset\projects\cassandra\test\distributed\org\apache\cassandra\distributed\test\gossip\GossipShutdownTest.java,
cassandra,C:\Users\ismak\Documents\GitHub\relation_test_code_smell_ML\dataset\projects\cassandra\test\distributed\org\apache\cassandra\distributed\test\GossipSettlesTest.java,
cassandra,C:\Users\ismak\Documents\GitHub\relation_test_code_smell_ML\dataset\projects\cassandra\test\distributed\org\apache\cassandra\distributed\test\GossipShutdownTest.java,
cassandra,C:\Users\ismak\Documents\GitHub\relation_test_code_smell_ML\dataset\projects\cassandra\test\distributed\org\apache\cassandra\distributed\test\GossipTest.java,
cassandra,C:\Users\ismak\Documents\GitHub\relation_test_code_smell_ML\dataset\projects\cassandra\test\distributed\org\apache\cassandra\distributed\test\GroupByTest.java,
cassandra,C:\Users\ismak\Documents\GitHub\relation_test_code_smell_ML\dataset\projects\cassandra\test\distributed\org\apache\cassandra\distributed\test\guardrails\GuardrailBulkLoadEnabledTest.java,
cassandra,C:\Users\ismak\Documents\GitHub\relation_test_code_smell_ML\dataset\projects\cassandra\test\distributed\org\apache\cassandra\distributed\test\guardrails\GuardrailCollectionSizeOnSSTableWriteTest.java,
cassandra,C:\Users\ismak\Documents\GitHub\relation_test_code_smell_ML\dataset\projects\cassandra\test\distributed\org\apache\cassandra\distributed\test\guardrails\GuardrailDataDiskUsageKeyspaceWideProtectionTest.java,
cassandra,C:\Users\ismak\Documents\GitHub\relation_test_code_smell_ML\dataset\projects\cassandra\test\distributed\org\apache\cassandra\distributed\test\guardrails\GuardrailDiskUsageNodeReplaceTest.java,
cassandra,C:\Users\ismak\Documents\GitHub\relation_test_code_smell_ML\dataset\projects\cassandra\test\distributed\org\apache\cassandra\distributed\test\guardrails\GuardrailDiskUsageTest.java,
cassandra,C:\Users\ismak\Documents\GitHub\relation_test_code_smell_ML\dataset\projects\cassandra\test\distributed\org\apache\cassandra\distributed\test\guardrails\GuardrailItemsPerCollectionOnSSTableWriteTest.java,
cassandra,C:\Users\ismak\Documents\GitHub\relation_test_code_smell_ML\dataset\projects\cassandra\test\distributed\org\apache\cassandra\distributed\test\guardrails\GuardrailNonPartitionRestrictedQueryTest.java,
cassandra,C:\Users\ismak\Documents\GitHub\relation_test_code_smell_ML\dataset\projects\cassandra\test\distributed\org\apache\cassandra\distributed\test\guardrails\GuardrailPartitionSizeTest.java,
cassandra,C:\Users\ismak\Documents\GitHub\relation_test_code_smell_ML\dataset\projects\cassandra\test\distributed\org\apache\cassandra\distributed\test\guardrails\GuardrailPartitionTombstonesTest.java,
cassandra,C:\Users\ismak\Documents\GitHub\relation_test_code_smell_ML\dataset\projects\cassandra\test\distributed\org\apache\cassandra\distributed\test\guardrails\GuardrailPasswordPolicyTest.java,
cassandra,C:\Users\ismak\Documents\GitHub\relation_test_code_smell_ML\dataset\projects\cassandra\test\distributed\org\apache\cassandra\distributed\test\guardrails\GuardrailsRoleNamePolicyTest.java,
cassandra,C:\Users\ismak\Documents\GitHub\relation_test_code_smell_ML\dataset\projects\cassandra\test\distributed\org\apache\cassandra\distributed\test\guardrails\IntersectFilteringQueryTest.java,
cassandra,C:\Users\ismak\Documents\GitHub\relation_test_code_smell_ML\dataset\projects\cassandra\test\distributed\org\apache\cassandra\distributed\test\guardrails\MispreparedStatementsTest.java,
cassandra,C:\Users\ismak\Documents\GitHub\relation_test_code_smell_ML\dataset\projects\cassandra\test\distributed\org\apache\cassandra\distributed\test\HibernatingGossipOnlyMembersTest.java,
cassandra,C:\Users\ismak\Documents\GitHub\relation_test_code_smell_ML\dataset\projects\cassandra\test\distributed\org\apache\cassandra\distributed\test\HintDataReappearingTest.java,
cassandra,C:\Users\ismak\Documents\GitHub\relation_test_code_smell_ML\dataset\projects\cassandra\test\distributed\org\apache\cassandra\distributed\test\HintedHandoffAddRemoveNodesTest.java,
cassandra,C:\Users\ismak\Documents\GitHub\relation_test_code_smell_ML\dataset\projects\cassandra\test\distributed\org\apache\cassandra\distributed\test\HintedHandoffNodetoolTest.java,
cassandra,C:\Users\ismak\Documents\GitHub\relation_test_code_smell_ML\dataset\projects\cassandra\test\distributed\org\apache\cassandra\distributed\test\HintsDisabledTest.java,
cassandra,C:\Users\ismak\Documents\GitHub\relation_test_code_smell_ML\dataset\projects\cassandra\test\distributed\org\apache\cassandra\distributed\test\HintsMaxSizeTest.java,
cassandra,C:\Users\ismak\Documents\GitHub\relation_test_code_smell_ML\dataset\projects\cassandra\test\distributed\org\apache\cassandra\distributed\test\HintsMaxWindowTest.java,
cassandra,C:\Users\ismak\Documents\GitHub\relation_test_code_smell_ML\dataset\projects\cassandra\test\distributed\org\apache\cassandra\distributed\test\HintsPersistentWindowTest.java,
cassandra,C:\Users\ismak\Documents\GitHub\relation_test_code_smell_ML\dataset\projects\cassandra\test\distributed\org\apache\cassandra\distributed\test\hostreplacement\AssassinateAbruptDownedNodeTest.java,
cassandra,C:\Users\ismak\Documents\GitHub\relation_test_code_smell_ML\dataset\projects\cassandra\test\distributed\org\apache\cassandra\distributed\test\hostreplacement\AssassinateCMSNodeTest.java,
cassandra,C:\Users\ismak\Documents\GitHub\relation_test_code_smell_ML\dataset\projects\cassandra\test\distributed\org\apache\cassandra\distributed\test\hostreplacement\AssassinatedEmptyNodeTest.java,
cassandra,C:\Users\ismak\Documents\GitHub\relation_test_code_smell_ML\dataset\projects\cassandra\test\distributed\org\apache\cassandra\distributed\test\hostreplacement\AssassinateGracefullNodeTest.java,
cassandra,C:\Users\ismak\Documents\GitHub\relation_test_code_smell_ML\dataset\projects\cassandra\test\distributed\org\apache\cassandra\distributed\test\hostreplacement\FailedBootstrapTest.java,
cassandra,C:\Users\ismak\Documents\GitHub\relation_test_code_smell_ML\dataset\projects\cassandra\test\distributed\org\apache\cassandra\distributed\test\hostreplacement\HostReplacementAbruptDownedInstanceTest.java,
cassandra,C:\Users\ismak\Documents\GitHub\relation_test_code_smell_ML\dataset\projects\cassandra\test\distributed\org\apache\cassandra\distributed\test\hostreplacement\HostReplacementOfDownedClusterTest.java,
cassandra,C:\Users\ismak\Documents\GitHub\relation_test_code_smell_ML\dataset\projects\cassandra\test\distributed\org\apache\cassandra\distributed\test\hostreplacement\HostReplacementTest.java,
cassandra,C:\Users\ismak\Documents\GitHub\relation_test_code_smell_ML\dataset\projects\cassandra\test\distributed\org\apache\cassandra\distributed\test\hostreplacement\NodeCannotJoinAsHibernatingNodeWithoutReplaceAddressTest.java,
cassandra,C:\Users\ismak\Documents\GitHub\relation_test_code_smell_ML\dataset\projects\cassandra\test\distributed\org\apache\cassandra\distributed\test\HungBootstrapDoesNotHangTest.java,
cassandra,C:\Users\ismak\Documents\GitHub\relation_test_code_smell_ML\dataset\projects\cassandra\test\distributed\org\apache\cassandra\distributed\test\IncrementalRepairCleanupAfterNodeAddingTest.java,
cassandra,C:\Users\ismak\Documents\GitHub\relation_test_code_smell_ML\dataset\projects\cassandra\test\distributed\org\apache\cassandra\distributed\test\IncrementalRepairCoordinatorFastTest.java,
cassandra,C:\Users\ismak\Documents\GitHub\relation_test_code_smell_ML\dataset\projects\cassandra\test\distributed\org\apache\cassandra\distributed\test\IncrementalRepairCoordinatorNeighbourDownTest.java,
cassandra,C:\Users\ismak\Documents\GitHub\relation_test_code_smell_ML\dataset\projects\cassandra\test\distributed\org\apache\cassandra\distributed\test\IncrementalRepairCoordinatorTimeoutTest.java,
cassandra,C:\Users\ismak\Documents\GitHub\relation_test_code_smell_ML\dataset\projects\cassandra\test\distributed\org\apache\cassandra\distributed\test\IncRepairAdminTest.java,
cassandra,C:\Users\ismak\Documents\GitHub\relation_test_code_smell_ML\dataset\projects\cassandra\test\distributed\org\apache\cassandra\distributed\test\IncRepairCoordinatorErrorTest.java,
cassandra,C:\Users\ismak\Documents\GitHub\relation_test_code_smell_ML\dataset\projects\cassandra\test\distributed\org\apache\cassandra\distributed\test\IncRepairTruncationTest.java,
cassandra,C:\Users\ismak\Documents\GitHub\relation_test_code_smell_ML\dataset\projects\cassandra\test\distributed\org\apache\cassandra\distributed\test\IndexDroppingTest.java,
cassandra,C:\Users\ismak\Documents\GitHub\relation_test_code_smell_ML\dataset\projects\cassandra\test\distributed\org\apache\cassandra\distributed\test\InternodeEncryptionEnforcementTest.java,
cassandra,C:\Users\ismak\Documents\GitHub\relation_test_code_smell_ML\dataset\projects\cassandra\test\distributed\org\apache\cassandra\distributed\test\InternodeEncryptionOptionsTest.java,
cassandra,C:\Users\ismak\Documents\GitHub\relation_test_code_smell_ML\dataset\projects\cassandra\test\distributed\org\apache\cassandra\distributed\test\InternodeErrorExclusionTest.java,
cassandra,C:\Users\ismak\Documents\GitHub\relation_test_code_smell_ML\dataset\projects\cassandra\test\distributed\org\apache\cassandra\distributed\test\IPMembershipTest.java,
cassandra,C:\Users\ismak\Documents\GitHub\relation_test_code_smell_ML\dataset\projects\cassandra\test\distributed\org\apache\cassandra\distributed\test\jmx\JMXFeatureTest.java,
cassandra,C:\Users\ismak\Documents\GitHub\relation_test_code_smell_ML\dataset\projects\cassandra\test\distributed\org\apache\cassandra\distributed\test\jmx\JMXGetterCheckTest.java,
cassandra,C:\Users\ismak\Documents\GitHub\relation_test_code_smell_ML\dataset\projects\cassandra\test\distributed\org\apache\cassandra\distributed\test\jmx\JMXSslConfigDistributedTest.java,
cassandra,C:\Users\ismak\Documents\GitHub\relation_test_code_smell_ML\dataset\projects\cassandra\test\distributed\org\apache\cassandra\distributed\test\jmx\StorageServiceJmxTest.java,
cassandra,C:\Users\ismak\Documents\GitHub\relation_test_code_smell_ML\dataset\projects\cassandra\test\distributed\org\apache\cassandra\distributed\test\JVMDTestTest.java,
cassandra,C:\Users\ismak\Documents\GitHub\relation_test_code_smell_ML\dataset\projects\cassandra\test\distributed\org\apache\cassandra\distributed\test\JVMStabilityInspectorThrowableTest.java,
cassandra,C:\Users\ismak\Documents\GitHub\relation_test_code_smell_ML\dataset\projects\cassandra\test\distributed\org\apache\cassandra\distributed\test\LargeColumnTest.java,
cassandra,C:\Users\ismak\Documents\GitHub\relation_test_code_smell_ML\dataset\projects\cassandra\test\distributed\org\apache\cassandra\distributed\test\LargeMessageTest.java,
cassandra,C:\Users\ismak\Documents\GitHub\relation_test_code_smell_ML\dataset\projects\cassandra\test\distributed\org\apache\cassandra\distributed\test\LegacyCASTest.java,
cassandra,C:\Users\ismak\Documents\GitHub\relation_test_code_smell_ML\dataset\projects\cassandra\test\distributed\org\apache\cassandra\distributed\test\LeveledCompactionTaskTest.java,
cassandra,C:\Users\ismak\Documents\GitHub\relation_test_code_smell_ML\dataset\projects\cassandra\test\distributed\org\apache\cassandra\distributed\test\log\AlterTopologyTest.java,
cassandra,C:\Users\ismak\Documents\GitHub\relation_test_code_smell_ML\dataset\projects\cassandra\test\distributed\org\apache\cassandra\distributed\test\log\BootWithMetadataTest.java,
cassandra,C:\Users\ismak\Documents\GitHub\relation_test_code_smell_ML\dataset\projects\cassandra\test\distributed\org\apache\cassandra\distributed\test\log\BounceGossipTest.java,
cassandra,C:\Users\ismak\Documents\GitHub\relation_test_code_smell_ML\dataset\projects\cassandra\test\distributed\org\apache\cassandra\distributed\test\log\BounceIndexRebuildTest.java,
cassandra,C:\Users\ismak\Documents\GitHub\relation_test_code_smell_ML\dataset\projects\cassandra\test\distributed\org\apache\cassandra\distributed\test\log\BounceResetHostIdTest.java,
cassandra,C:\Users\ismak\Documents\GitHub\relation_test_code_smell_ML\dataset\projects\cassandra\test\distributed\org\apache\cassandra\distributed\test\log\CatchupViaSnapshotTest.java,
cassandra,C:\Users\ismak\Documents\GitHub\relation_test_code_smell_ML\dataset\projects\cassandra\test\distributed\org\apache\cassandra\distributed\test\log\ClusterMetadataDumpTest.java,
cassandra,C:\Users\ismak\Documents\GitHub\relation_test_code_smell_ML\dataset\projects\cassandra\test\distributed\org\apache\cassandra\distributed\test\log\ClusterMetadataSerializationRoundTripTest.java,
cassandra,C:\Users\ismak\Documents\GitHub\relation_test_code_smell_ML\dataset\projects\cassandra\test\distributed\org\apache\cassandra\distributed\test\log\CMSCatchupTest.java,
cassandra,C:\Users\ismak\Documents\GitHub\relation_test_code_smell_ML\dataset\projects\cassandra\test\distributed\org\apache\cassandra\distributed\test\log\CMSMembershipMetricsTest.java,
cassandra,C:\Users\ismak\Documents\GitHub\relation_test_code_smell_ML\dataset\projects\cassandra\test\distributed\org\apache\cassandra\distributed\test\log\CommitStartupByNonCMSNodeTest.java,
cassandra,C:\Users\ismak\Documents\GitHub\relation_test_code_smell_ML\dataset\projects\cassandra\test\distributed\org\apache\cassandra\distributed\test\log\ConflictingAddressRestartTest.java,
cassandra,C:\Users\ismak\Documents\GitHub\relation_test_code_smell_ML\dataset\projects\cassandra\test\distributed\org\apache\cassandra\distributed\test\log\CoordinatorPathTest.java,
cassandra,C:\Users\ismak\Documents\GitHub\relation_test_code_smell_ML\dataset\projects\cassandra\test\distributed\org\apache\cassandra\distributed\test\log\DiscoverCMSTest.java,
cassandra,C:\Users\ismak\Documents\GitHub\relation_test_code_smell_ML\dataset\projects\cassandra\test\distributed\org\apache\cassandra\distributed\test\log\DistributedLogTest.java,
cassandra,C:\Users\ismak\Documents\GitHub\relation_test_code_smell_ML\dataset\projects\cassandra\test\distributed\org\apache\cassandra\distributed\test\log\FailedLeaveTest.java,
cassandra,C:\Users\ismak\Documents\GitHub\relation_test_code_smell_ML\dataset\projects\cassandra\test\distributed\org\apache\cassandra\distributed\test\log\FetchLogFromPeers2Test.java,
cassandra,C:\Users\ismak\Documents\GitHub\relation_test_code_smell_ML\dataset\projects\cassandra\test\distributed\org\apache\cassandra\distributed\test\log\FetchLogFromPeersDCTest.java,
cassandra,C:\Users\ismak\Documents\GitHub\relation_test_code_smell_ML\dataset\projects\cassandra\test\distributed\org\apache\cassandra\distributed\test\log\FetchLogFromPeersTest.java,
cassandra,C:\Users\ismak\Documents\GitHub\relation_test_code_smell_ML\dataset\projects\cassandra\test\distributed\org\apache\cassandra\distributed\test\log\ForceSnapshotTest.java,
cassandra,C:\Users\ismak\Documents\GitHub\relation_test_code_smell_ML\dataset\projects\cassandra\test\distributed\org\apache\cassandra\distributed\test\log\GossipDeadlockTest.java,
cassandra,C:\Users\ismak\Documents\GitHub\relation_test_code_smell_ML\dataset\projects\cassandra\test\distributed\org\apache\cassandra\distributed\test\log\IncompatibleMetadataSerializationVersionTest.java,
cassandra,C:\Users\ismak\Documents\GitHub\relation_test_code_smell_ML\dataset\projects\cassandra\test\distributed\org\apache\cassandra\distributed\test\log\IndexParamsRecreateTest.java,
cassandra,C:\Users\ismak\Documents\GitHub\relation_test_code_smell_ML\dataset\projects\cassandra\test\distributed\org\apache\cassandra\distributed\test\log\InProgressSequenceCoordinationTest.java,
cassandra,C:\Users\ismak\Documents\GitHub\relation_test_code_smell_ML\dataset\projects\cassandra\test\distributed\org\apache\cassandra\distributed\test\log\KeyspaceParamsRecreateTest.java,
cassandra,C:\Users\ismak\Documents\GitHub\relation_test_code_smell_ML\dataset\projects\cassandra\test\distributed\org\apache\cassandra\distributed\test\log\MetadataChangeSimulationTest.java,
cassandra,C:\Users\ismak\Documents\GitHub\relation_test_code_smell_ML\dataset\projects\cassandra\test\distributed\org\apache\cassandra\distributed\test\log\MetadataKeysTest.java,
cassandra,C:\Users\ismak\Documents\GitHub\relation_test_code_smell_ML\dataset\projects\cassandra\test\distributed\org\apache\cassandra\distributed\test\log\NTSSimulationTest.java,
cassandra,C:\Users\ismak\Documents\GitHub\relation_test_code_smell_ML\dataset\projects\cassandra\test\distributed\org\apache\cassandra\distributed\test\log\OperationalEquivalenceTest.java,
cassandra,C:\Users\ismak\Documents\GitHub\relation_test_code_smell_ML\dataset\projects\cassandra\test\distributed\org\apache\cassandra\distributed\test\log\PauseCommitsTest.java,
cassandra,C:\Users\ismak\Documents\GitHub\relation_test_code_smell_ML\dataset\projects\cassandra\test\distributed\org\apache\cassandra\distributed\test\log\PlacementSimulatorTest.java,
cassandra,C:\Users\ismak\Documents\GitHub\relation_test_code_smell_ML\dataset\projects\cassandra\test\distributed\org\apache\cassandra\distributed\test\log\QuorumIntersectionSimulatorTest.java,
cassandra,C:\Users\ismak\Documents\GitHub\relation_test_code_smell_ML\dataset\projects\cassandra\test\distributed\org\apache\cassandra\distributed\test\log\ReconfigureCMSStreamingFailureTest.java,
cassandra,C:\Users\ismak\Documents\GitHub\relation_test_code_smell_ML\dataset\projects\cassandra\test\distributed\org\apache\cassandra\distributed\test\log\ReconfigureCMSStreamingTest.java,
cassandra,C:\Users\ismak\Documents\GitHub\relation_test_code_smell_ML\dataset\projects\cassandra\test\distributed\org\apache\cassandra\distributed\test\log\ReconfigureCMSTest.java,
cassandra,C:\Users\ismak\Documents\GitHub\relation_test_code_smell_ML\dataset\projects\cassandra\test\distributed\org\apache\cassandra\distributed\test\log\RegisterTest.java,
cassandra,C:\Users\ismak\Documents\GitHub\relation_test_code_smell_ML\dataset\projects\cassandra\test\distributed\org\apache\cassandra\distributed\test\log\RepairSystemClusterMetadataTest.java,
cassandra,C:\Users\ismak\Documents\GitHub\relation_test_code_smell_ML\dataset\projects\cassandra\test\distributed\org\apache\cassandra\distributed\test\log\ReplayPersistedTest.java,
cassandra,C:\Users\ismak\Documents\GitHub\relation_test_code_smell_ML\dataset\projects\cassandra\test\distributed\org\apache\cassandra\distributed\test\log\RequestCurrentEpochTest.java,
cassandra,C:\Users\ismak\Documents\GitHub\relation_test_code_smell_ML\dataset\projects\cassandra\test\distributed\org\apache\cassandra\distributed\test\log\ResumableStartupTest.java,
cassandra,C:\Users\ismak\Documents\GitHub\relation_test_code_smell_ML\dataset\projects\cassandra\test\distributed\org\apache\cassandra\distributed\test\log\SimpleStrategySimulationTest.java,
cassandra,C:\Users\ismak\Documents\GitHub\relation_test_code_smell_ML\dataset\projects\cassandra\test\distributed\org\apache\cassandra\distributed\test\log\SnapshotTest.java,
cassandra,C:\Users\ismak\Documents\GitHub\relation_test_code_smell_ML\dataset\projects\cassandra\test\distributed\org\apache\cassandra\distributed\test\log\SystemKeyspaceStorageTest.java,
cassandra,C:\Users\ismak\Documents\GitHub\relation_test_code_smell_ML\dataset\projects\cassandra\test\distributed\org\apache\cassandra\distributed\test\log\TableParamsRecreateTest.java,
cassandra,C:\Users\ismak\Documents\GitHub\relation_test_code_smell_ML\dataset\projects\cassandra\test\distributed\org\apache\cassandra\distributed\test\log\TestProcessor.java,
cassandra,C:\Users\ismak\Documents\GitHub\relation_test_code_smell_ML\dataset\projects\cassandra\test\distributed\org\apache\cassandra\distributed\test\log\TriggeredReconfigureCMSTest.java,
cassandra,C:\Users\ismak\Documents\GitHub\relation_test_code_smell_ML\dataset\projects\cassandra\test\distributed\org\apache\cassandra\distributed\test\log\UnregisterTest.java,
cassandra,C:\Users\ismak\Documents\GitHub\relation_test_code_smell_ML\dataset\projects\cassandra\test\distributed\org\apache\cassandra\distributed\test\MessageFiltersTest.java,
cassandra,C:\Users\ismak\Documents\GitHub\relation_test_code_smell_ML\dataset\projects\cassandra\test\distributed\org\apache\cassandra\distributed\test\MessageForwardingTest.java,
cassandra,C:\Users\ismak\Documents\GitHub\relation_test_code_smell_ML\dataset\projects\cassandra\test\distributed\org\apache\cassandra\distributed\test\MessageTimestampTest.java,
cassandra,C:\Users\ismak\Documents\GitHub\relation_test_code_smell_ML\dataset\projects\cassandra\test\distributed\org\apache\cassandra\distributed\test\metric\TableMetricTest.java,
cassandra,C:\Users\ismak\Documents\GitHub\relation_test_code_smell_ML\dataset\projects\cassandra\test\distributed\org\apache\cassandra\distributed\test\metrics\CoordinatorReadLatencyMetricTest.java,
cassandra,C:\Users\ismak\Documents\GitHub\relation_test_code_smell_ML\dataset\projects\cassandra\test\distributed\org\apache\cassandra\distributed\test\metrics\HintsServiceMetricsTest.java,
cassandra,C:\Users\ismak\Documents\GitHub\relation_test_code_smell_ML\dataset\projects\cassandra\test\distributed\org\apache\cassandra\distributed\test\metrics\RequestTimeoutTest.java,
cassandra,C:\Users\ismak\Documents\GitHub\relation_test_code_smell_ML\dataset\projects\cassandra\test\distributed\org\apache\cassandra\distributed\test\metrics\StreamingMetricsTest.java,
cassandra,C:\Users\ismak\Documents\GitHub\relation_test_code_smell_ML\dataset\projects\cassandra\test\distributed\org\apache\cassandra\distributed\test\MetricsCountQueriesTest.java,
cassandra,C:\Users\ismak\Documents\GitHub\relation_test_code_smell_ML\dataset\projects\cassandra\test\distributed\org\apache\cassandra\distributed\test\MetricsTest.java,
cassandra,C:\Users\ismak\Documents\GitHub\relation_test_code_smell_ML\dataset\projects\cassandra\test\distributed\org\apache\cassandra\distributed\test\MixedModeFuzzTest.java,
cassandra,C:\Users\ismak\Documents\GitHub\relation_test_code_smell_ML\dataset\projects\cassandra\test\distributed\org\apache\cassandra\distributed\test\MoveTest.java,
cassandra,C:\Users\ismak\Documents\GitHub\relation_test_code_smell_ML\dataset\projects\cassandra\test\distributed\org\apache\cassandra\distributed\test\MultipleDataDirectoryTest.java,
cassandra,C:\Users\ismak\Documents\GitHub\relation_test_code_smell_ML\dataset\projects\cassandra\test\distributed\org\apache\cassandra\distributed\test\NativeMixedVersionTest.java,
cassandra,C:\Users\ismak\Documents\GitHub\relation_test_code_smell_ML\dataset\projects\cassandra\test\distributed\org\apache\cassandra\distributed\test\NativeProtocolTest.java,
cassandra,C:\Users\ismak\Documents\GitHub\relation_test_code_smell_ML\dataset\projects\cassandra\test\distributed\org\apache\cassandra\distributed\test\NativeTransportEncryptionOptionsTest.java,
cassandra,C:\Users\ismak\Documents\GitHub\relation_test_code_smell_ML\dataset\projects\cassandra\test\distributed\org\apache\cassandra\distributed\test\NetstatsBootstrapWithEntireSSTablesCompressionStreamingTest.java,
cassandra,C:\Users\ismak\Documents\GitHub\relation_test_code_smell_ML\dataset\projects\cassandra\test\distributed\org\apache\cassandra\distributed\test\NetstatsBootstrapWithoutEntireSSTablesCompressionStreamingTest.java,
cassandra,C:\Users\ismak\Documents\GitHub\relation_test_code_smell_ML\dataset\projects\cassandra\test\distributed\org\apache\cassandra\distributed\test\NetstatsRepairStreamingTest.java,
cassandra,C:\Users\ismak\Documents\GitHub\relation_test_code_smell_ML\dataset\projects\cassandra\test\distributed\org\apache\cassandra\distributed\test\NetworkTopologyTest.java,
cassandra,C:\Users\ismak\Documents\GitHub\relation_test_code_smell_ML\dataset\projects\cassandra\test\distributed\org\apache\cassandra\distributed\test\NodeToolEnableDisableBinaryTest.java,
cassandra,C:\Users\ismak\Documents\GitHub\relation_test_code_smell_ML\dataset\projects\cassandra\test\distributed\org\apache\cassandra\distributed\test\NodetoolStatusWithoutVNodesTest.java,
cassandra,C:\Users\ismak\Documents\GitHub\relation_test_code_smell_ML\dataset\projects\cassandra\test\distributed\org\apache\cassandra\distributed\test\NodeToolStatusWithVNodesTest.java,
cassandra,C:\Users\ismak\Documents\GitHub\relation_test_code_smell_ML\dataset\projects\cassandra\test\distributed\org\apache\cassandra\distributed\test\NodeToolTest.java,
cassandra,C:\Users\ismak\Documents\GitHub\relation_test_code_smell_ML\dataset\projects\cassandra\test\distributed\org\apache\cassandra\distributed\test\OptimiseStreamsRepairTest.java,
cassandra,C:\Users\ismak\Documents\GitHub\relation_test_code_smell_ML\dataset\projects\cassandra\test\distributed\org\apache\cassandra\distributed\test\OverloadTest.java,
cassandra,C:\Users\ismak\Documents\GitHub\relation_test_code_smell_ML\dataset\projects\cassandra\test\distributed\org\apache\cassandra\distributed\test\OversizedMutationTest.java,
cassandra,C:\Users\ismak\Documents\GitHub\relation_test_code_smell_ML\dataset\projects\cassandra\test\distributed\org\apache\cassandra\distributed\test\PagingTest.java,
cassandra,C:\Users\ismak\Documents\GitHub\relation_test_code_smell_ML\dataset\projects\cassandra\test\distributed\org\apache\cassandra\distributed\test\PartitionDenylistTest.java,
cassandra,C:\Users\ismak\Documents\GitHub\relation_test_code_smell_ML\dataset\projects\cassandra\test\distributed\org\apache\cassandra\distributed\test\PaxosEpochSerializationTest.java,
cassandra,C:\Users\ismak\Documents\GitHub\relation_test_code_smell_ML\dataset\projects\cassandra\test\distributed\org\apache\cassandra\distributed\test\PaxosRepair2Test.java,
cassandra,C:\Users\ismak\Documents\GitHub\relation_test_code_smell_ML\dataset\projects\cassandra\test\distributed\org\apache\cassandra\distributed\test\PaxosRepairTest.java,
cassandra,C:\Users\ismak\Documents\GitHub\relation_test_code_smell_ML\dataset\projects\cassandra\test\distributed\org\apache\cassandra\distributed\test\PaxosUncommittedIndexTest.java,
cassandra,C:\Users\ismak\Documents\GitHub\relation_test_code_smell_ML\dataset\projects\cassandra\test\distributed\org\apache\cassandra\distributed\test\PrepareBatchStatementsTest.java,
cassandra,C:\Users\ismak\Documents\GitHub\relation_test_code_smell_ML\dataset\projects\cassandra\test\distributed\org\apache\cassandra\distributed\test\PreparedStatementInvalidationRaceTest.java,
cassandra,C:\Users\ismak\Documents\GitHub\relation_test_code_smell_ML\dataset\projects\cassandra\test\distributed\org\apache\cassandra\distributed\test\PreparedStatementInvalidationTest.java,
cassandra,C:\Users\ismak\Documents\GitHub\relation_test_code_smell_ML\dataset\projects\cassandra\test\distributed\org\apache\cassandra\distributed\test\PreviewRepairCoordinatorFastTest.java,
cassandra,C:\Users\ismak\Documents\GitHub\relation_test_code_smell_ML\dataset\projects\cassandra\test\distributed\org\apache\cassandra\distributed\test\PreviewRepairCoordinatorNeighbourDownTest.java,
cassandra,C:\Users\ismak\Documents\GitHub\relation_test_code_smell_ML\dataset\projects\cassandra\test\distributed\org\apache\cassandra\distributed\test\PreviewRepairCoordinatorTimeoutTest.java,
cassandra,C:\Users\ismak\Documents\GitHub\relation_test_code_smell_ML\dataset\projects\cassandra\test\distributed\org\apache\cassandra\distributed\test\PreviewRepairSnapshotTest.java,
cassandra,C:\Users\ismak\Documents\GitHub\relation_test_code_smell_ML\dataset\projects\cassandra\test\distributed\org\apache\cassandra\distributed\test\PreviewRepairTest.java,
cassandra,C:\Users\ismak\Documents\GitHub\relation_test_code_smell_ML\dataset\projects\cassandra\test\distributed\org\apache\cassandra\distributed\test\ProfileLoadTest.java,
cassandra,C:\Users\ismak\Documents\GitHub\relation_test_code_smell_ML\dataset\projects\cassandra\test\distributed\org\apache\cassandra\distributed\test\QueriesTableTest.java,
cassandra,C:\Users\ismak\Documents\GitHub\relation_test_code_smell_ML\dataset\projects\cassandra\test\distributed\org\apache\cassandra\distributed\test\QueryReplayerEndToEndTest.java,
cassandra,C:\Users\ismak\Documents\GitHub\relation_test_code_smell_ML\dataset\projects\cassandra\test\distributed\org\apache\cassandra\distributed\test\ReadDigestConsistencyTest.java,
cassandra,C:\Users\ismak\Documents\GitHub\relation_test_code_smell_ML\dataset\projects\cassandra\test\distributed\org\apache\cassandra\distributed\test\ReadFailureTest.java,
cassandra,C:\Users\ismak\Documents\GitHub\relation_test_code_smell_ML\dataset\projects\cassandra\test\distributed\org\apache\cassandra\distributed\test\ReadRepairCollectionQueriesTest.java,
cassandra,C:\Users\ismak\Documents\GitHub\relation_test_code_smell_ML\dataset\projects\cassandra\test\distributed\org\apache\cassandra\distributed\test\ReadRepairEmptyRangeTombstonesWithFlushesTest.java,
cassandra,C:\Users\ismak\Documents\GitHub\relation_test_code_smell_ML\dataset\projects\cassandra\test\distributed\org\apache\cassandra\distributed\test\ReadRepairEmptyRangeTombstonesWithoutFlushesTest.java,
cassandra,C:\Users\ismak\Documents\GitHub\relation_test_code_smell_ML\dataset\projects\cassandra\test\distributed\org\apache\cassandra\distributed\test\ReadRepairInQueriesTest.java,
cassandra,C:\Users\ismak\Documents\GitHub\relation_test_code_smell_ML\dataset\projects\cassandra\test\distributed\org\apache\cassandra\distributed\test\ReadRepairPointQueriesTest.java,
cassandra,C:\Users\ismak\Documents\GitHub\relation_test_code_smell_ML\dataset\projects\cassandra\test\distributed\org\apache\cassandra\distributed\test\ReadRepairRangeQueriesTest.java,
cassandra,C:\Users\ismak\Documents\GitHub\relation_test_code_smell_ML\dataset\projects\cassandra\test\distributed\org\apache\cassandra\distributed\test\ReadRepairSliceQueriesTest.java,
cassandra,C:\Users\ismak\Documents\GitHub\relation_test_code_smell_ML\dataset\projects\cassandra\test\distributed\org\apache\cassandra\distributed\test\ReadRepairTest.java,
cassandra,C:\Users\ismak\Documents\GitHub\relation_test_code_smell_ML\dataset\projects\cassandra\test\distributed\org\apache\cassandra\distributed\test\ReadRepairUnrestrictedQueriesTest.java,
cassandra,C:\Users\ismak\Documents\GitHub\relation_test_code_smell_ML\dataset\projects\cassandra\test\distributed\org\apache\cassandra\distributed\test\ReadSpeculationTest.java,
cassandra,C:\Users\ismak\Documents\GitHub\relation_test_code_smell_ML\dataset\projects\cassandra\test\distributed\org\apache\cassandra\distributed\test\ReconnectToInternalIPTest.java,
cassandra,C:\Users\ismak\Documents\GitHub\relation_test_code_smell_ML\dataset\projects\cassandra\test\distributed\org\apache\cassandra\distributed\test\RemoveNodeTest.java,
cassandra,C:\Users\ismak\Documents\GitHub\relation_test_code_smell_ML\dataset\projects\cassandra\test\distributed\org\apache\cassandra\distributed\test\repair\AutoRepairSchedulerDisallowParallelReplicaRepairAcrossSchedulesTest.java,
cassandra,C:\Users\ismak\Documents\GitHub\relation_test_code_smell_ML\dataset\projects\cassandra\test\distributed\org\apache\cassandra\distributed\test\repair\AutoRepairSchedulerStatsNoVNodesTest.java,
cassandra,C:\Users\ismak\Documents\GitHub\relation_test_code_smell_ML\dataset\projects\cassandra\test\distributed\org\apache\cassandra\distributed\test\repair\AutoRepairSchedulerStatsVNodesTest.java,
cassandra,C:\Users\ismak\Documents\GitHub\relation_test_code_smell_ML\dataset\projects\cassandra\test\distributed\org\apache\cassandra\distributed\test\repair\AutoRepairSchedulerTest.java,
cassandra,C:\Users\ismak\Documents\GitHub\relation_test_code_smell_ML\dataset\projects\cassandra\test\distributed\org\apache\cassandra\distributed\test\repair\ConcurrentValidationRequestsTest.java,
cassandra,C:\Users\ismak\Documents\GitHub\relation_test_code_smell_ML\dataset\projects\cassandra\test\distributed\org\apache\cassandra\distributed\test\repair\ForceRepairTest.java,
cassandra,C:\Users\ismak\Documents\GitHub\relation_test_code_smell_ML\dataset\projects\cassandra\test\distributed\org\apache\cassandra\distributed\test\repair\NoTombstonePurgingTest.java,
cassandra,C:\Users\ismak\Documents\GitHub\relation_test_code_smell_ML\dataset\projects\cassandra\test\distributed\org\apache\cassandra\distributed\test\RepairBoundaryTest.java,
cassandra,C:\Users\ismak\Documents\GitHub\relation_test_code_smell_ML\dataset\projects\cassandra\test\distributed\org\apache\cassandra\distributed\test\RepairCoordinatorFailingMessageTest.java,
cassandra,C:\Users\ismak\Documents\GitHub\relation_test_code_smell_ML\dataset\projects\cassandra\test\distributed\org\apache\cassandra\distributed\test\RepairDigestTrackingTest.java,
cassandra,C:\Users\ismak\Documents\GitHub\relation_test_code_smell_ML\dataset\projects\cassandra\test\distributed\org\apache\cassandra\distributed\test\RepairErrorsTest.java,
cassandra,C:\Users\ismak\Documents\GitHub\relation_test_code_smell_ML\dataset\projects\cassandra\test\distributed\org\apache\cassandra\distributed\test\RepairOperationalTest.java,
cassandra,C:\Users\ismak\Documents\GitHub\relation_test_code_smell_ML\dataset\projects\cassandra\test\distributed\org\apache\cassandra\distributed\test\RepairRequestTimeoutTest.java,
cassandra,C:\Users\ismak\Documents\GitHub\relation_test_code_smell_ML\dataset\projects\cassandra\test\distributed\org\apache\cassandra\distributed\test\RepairTest.java,
cassandra,C:\Users\ismak\Documents\GitHub\relation_test_code_smell_ML\dataset\projects\cassandra\test\distributed\org\apache\cassandra\distributed\test\ReplicaFilteringProtectionTest.java,
cassandra,C:\Users\ismak\Documents\GitHub\relation_test_code_smell_ML\dataset\projects\cassandra\test\distributed\org\apache\cassandra\distributed\test\ReprepareFuzzTest.java,
cassandra,C:\Users\ismak\Documents\GitHub\relation_test_code_smell_ML\dataset\projects\cassandra\test\distributed\org\apache\cassandra\distributed\test\ReprepareNewBehaviourTest.java,
cassandra,C:\Users\ismak\Documents\GitHub\relation_test_code_smell_ML\dataset\projects\cassandra\test\distributed\org\apache\cassandra\distributed\test\ReprepareOldBehaviourTest.java,
cassandra,C:\Users\ismak\Documents\GitHub\relation_test_code_smell_ML\dataset\projects\cassandra\test\distributed\org\apache\cassandra\distributed\test\ResourceLeakTest.java,
cassandra,C:\Users\ismak\Documents\GitHub\relation_test_code_smell_ML\dataset\projects\cassandra\test\distributed\org\apache\cassandra\distributed\test\RestartTest.java,
cassandra,C:\Users\ismak\Documents\GitHub\relation_test_code_smell_ML\dataset\projects\cassandra\test\distributed\org\apache\cassandra\distributed\test\ring\AssignSameTokenToMultipleNodesTest.java,
cassandra,C:\Users\ismak\Documents\GitHub\relation_test_code_smell_ML\dataset\projects\cassandra\test\distributed\org\apache\cassandra\distributed\test\ring\AutoBootstrapTest.java,
cassandra,C:\Users\ismak\Documents\GitHub\relation_test_code_smell_ML\dataset\projects\cassandra\test\distributed\org\apache\cassandra\distributed\test\ring\BootstrapCompactionTest.java,
cassandra,C:\Users\ismak\Documents\GitHub\relation_test_code_smell_ML\dataset\projects\cassandra\test\distributed\org\apache\cassandra\distributed\test\ring\BootstrapResetProgressTest.java,
cassandra,C:\Users\ismak\Documents\GitHub\relation_test_code_smell_ML\dataset\projects\cassandra\test\distributed\org\apache\cassandra\distributed\test\ring\BootstrapTest.java,
cassandra,C:\Users\ismak\Documents\GitHub\relation_test_code_smell_ML\dataset\projects\cassandra\test\distributed\org\apache\cassandra\distributed\test\ring\CleanupDuringRangeMovementTest.java,
cassandra,C:\Users\ismak\Documents\GitHub\relation_test_code_smell_ML\dataset\projects\cassandra\test\distributed\org\apache\cassandra\distributed\test\ring\CMSMembershipTest.java,
cassandra,C:\Users\ismak\Documents\GitHub\relation_test_code_smell_ML\dataset\projects\cassandra\test\distributed\org\apache\cassandra\distributed\test\ring\CMSUrgentMessagesTest.java,
cassandra,C:\Users\ismak\Documents\GitHub\relation_test_code_smell_ML\dataset\projects\cassandra\test\distributed\org\apache\cassandra\distributed\test\ring\CommunicationDuringDecommissionTest.java,
cassandra,C:\Users\ismak\Documents\GitHub\relation_test_code_smell_ML\dataset\projects\cassandra\test\distributed\org\apache\cassandra\distributed\test\ring\DecommissionTest.java,
cassandra,C:\Users\ismak\Documents\GitHub\relation_test_code_smell_ML\dataset\projects\cassandra\test\distributed\org\apache\cassandra\distributed\test\ring\NodeNotInRingTest.java,
cassandra,C:\Users\ismak\Documents\GitHub\relation_test_code_smell_ML\dataset\projects\cassandra\test\distributed\org\apache\cassandra\distributed\test\ring\RangeVersioningTest.java,
cassandra,C:\Users\ismak\Documents\GitHub\relation_test_code_smell_ML\dataset\projects\cassandra\test\distributed\org\apache\cassandra\distributed\test\ring\StopProcessingExceptionTest.java,
cassandra,C:\Users\ismak\Documents\GitHub\relation_test_code_smell_ML\dataset\projects\cassandra\test\distributed\org\apache\cassandra\distributed\test\sai\ConcurrencyFactorTest.java,
cassandra,C:\Users\ismak\Documents\GitHub\relation_test_code_smell_ML\dataset\projects\cassandra\test\distributed\org\apache\cassandra\distributed\test\sai\ImportIndexedSSTablesTest.java,
cassandra,C:\Users\ismak\Documents\GitHub\relation_test_code_smell_ML\dataset\projects\cassandra\test\distributed\org\apache\cassandra\distributed\test\sai\IndexAvailabilityTest.java,
cassandra,C:\Users\ismak\Documents\GitHub\relation_test_code_smell_ML\dataset\projects\cassandra\test\distributed\org\apache\cassandra\distributed\test\sai\IndexHintsDistributedTest.java,
cassandra,C:\Users\ismak\Documents\GitHub\relation_test_code_smell_ML\dataset\projects\cassandra\test\distributed\org\apache\cassandra\distributed\test\sai\IndexStreamingFailureTest.java,
cassandra,C:\Users\ismak\Documents\GitHub\relation_test_code_smell_ML\dataset\projects\cassandra\test\distributed\org\apache\cassandra\distributed\test\sai\IndexStreamingTest.java,
cassandra,C:\Users\ismak\Documents\GitHub\relation_test_code_smell_ML\dataset\projects\cassandra\test\distributed\org\apache\cassandra\distributed\test\sai\PartialUpdateHandlingTest.java,
cassandra,C:\Users\ismak\Documents\GitHub\relation_test_code_smell_ML\dataset\projects\cassandra\test\distributed\org\apache\cassandra\distributed\test\sai\PartialWritesWithRepairTest.java,
cassandra,C:\Users\ismak\Documents\GitHub\relation_test_code_smell_ML\dataset\projects\cassandra\test\distributed\org\apache\cassandra\distributed\test\sai\ReplicaFilteringWithStaticsTest.java,
cassandra,C:\Users\ismak\Documents\GitHub\relation_test_code_smell_ML\dataset\projects\cassandra\test\distributed\org\apache\cassandra\distributed\test\sai\StrictFilteringTest.java,
cassandra,C:\Users\ismak\Documents\GitHub\relation_test_code_smell_ML\dataset\projects\cassandra\test\distributed\org\apache\cassandra\distributed\test\sai\VectorDistributedTest.java,
cassandra,C:\Users\ismak\Documents\GitHub\relation_test_code_smell_ML\dataset\projects\cassandra\test\distributed\org\apache\cassandra\distributed\test\sai\VectorValidationTest.java,
cassandra,C:\Users\ismak\Documents\GitHub\relation_test_code_smell_ML\dataset\projects\cassandra\test\distributed\org\apache\cassandra\distributed\test\SchemaDisagreementTest.java,
cassandra,C:\Users\ismak\Documents\GitHub\relation_test_code_smell_ML\dataset\projects\cassandra\test\distributed\org\apache\cassandra\distributed\test\SchemaTest.java,
cassandra,C:\Users\ismak\Documents\GitHub\relation_test_code_smell_ML\dataset\projects\cassandra\test\distributed\org\apache\cassandra\distributed\test\SecondaryIndexCompactionTest.java,
cassandra,C:\Users\ismak\Documents\GitHub\relation_test_code_smell_ML\dataset\projects\cassandra\test\distributed\org\apache\cassandra\distributed\test\SecondaryIndexTest.java,
cassandra,C:\Users\ismak\Documents\GitHub\relation_test_code_smell_ML\dataset\projects\cassandra\test\distributed\org\apache\cassandra\distributed\test\ShortReadProtectionTest.java,
cassandra,C:\Users\ismak\Documents\GitHub\relation_test_code_smell_ML\dataset\projects\cassandra\test\distributed\org\apache\cassandra\distributed\test\SimpleReadWriteTest.java,
cassandra,C:\Users\ismak\Documents\GitHub\relation_test_code_smell_ML\dataset\projects\cassandra\test\distributed\org\apache\cassandra\distributed\test\SinglePartitionReadCommandTest.java,
cassandra,C:\Users\ismak\Documents\GitHub\relation_test_code_smell_ML\dataset\projects\cassandra\test\distributed\org\apache\cassandra\distributed\test\SlowQueriesAppenderTest.java,
cassandra,C:\Users\ismak\Documents\GitHub\relation_test_code_smell_ML\dataset\projects\cassandra\test\distributed\org\apache\cassandra\distributed\test\SlowQueryDeserTest.java,
cassandra,C:\Users\ismak\Documents\GitHub\relation_test_code_smell_ML\dataset\projects\cassandra\test\distributed\org\apache\cassandra\distributed\test\SnapshotsTest.java,
cassandra,C:\Users\ismak\Documents\GitHub\relation_test_code_smell_ML\dataset\projects\cassandra\test\distributed\org\apache\cassandra\distributed\test\SSTableIdGenerationTest.java,
cassandra,C:\Users\ismak\Documents\GitHub\relation_test_code_smell_ML\dataset\projects\cassandra\test\distributed\org\apache\cassandra\distributed\test\SSTableLoaderEncryptionOptionsTest.java,
cassandra,C:\Users\ismak\Documents\GitHub\relation_test_code_smell_ML\dataset\projects\cassandra\test\distributed\org\apache\cassandra\distributed\test\SSTableReadLogsQueryTest.java,
cassandra,C:\Users\ismak\Documents\GitHub\relation_test_code_smell_ML\dataset\projects\cassandra\test\distributed\org\apache\cassandra\distributed\test\SSTableSkippingReadTest.java,
cassandra,C:\Users\ismak\Documents\GitHub\relation_test_code_smell_ML\dataset\projects\cassandra\test\distributed\org\apache\cassandra\distributed\test\streaming\BoundExceptionTest.java,
cassandra,C:\Users\ismak\Documents\GitHub\relation_test_code_smell_ML\dataset\projects\cassandra\test\distributed\org\apache\cassandra\distributed\test\streaming\IndexBuildFailsAfterStreamingTest.java,
cassandra,C:\Users\ismak\Documents\GitHub\relation_test_code_smell_ML\dataset\projects\cassandra\test\distributed\org\apache\cassandra\distributed\test\streaming\LCSStreamingKeepLevelTest.java,
cassandra,C:\Users\ismak\Documents\GitHub\relation_test_code_smell_ML\dataset\projects\cassandra\test\distributed\org\apache\cassandra\distributed\test\streaming\RebuildStreamingTest.java,
cassandra,C:\Users\ismak\Documents\GitHub\relation_test_code_smell_ML\dataset\projects\cassandra\test\distributed\org\apache\cassandra\distributed\test\streaming\StreamCloseInMiddleTest.java,
cassandra,C:\Users\ismak\Documents\GitHub\relation_test_code_smell_ML\dataset\projects\cassandra\test\distributed\org\apache\cassandra\distributed\test\streaming\StreamDisconnectedWhileReceivingTest.java,
cassandra,C:\Users\ismak\Documents\GitHub\relation_test_code_smell_ML\dataset\projects\cassandra\test\distributed\org\apache\cassandra\distributed\test\streaming\StreamFailedAfterReceivingTest.java,
cassandra,C:\Users\ismak\Documents\GitHub\relation_test_code_smell_ML\dataset\projects\cassandra\test\distributed\org\apache\cassandra\distributed\test\streaming\StreamFailedAfterTransferTest.java,
cassandra,C:\Users\ismak\Documents\GitHub\relation_test_code_smell_ML\dataset\projects\cassandra\test\distributed\org\apache\cassandra\distributed\test\streaming\StreamFailedWhileReceivingTest.java,
cassandra,C:\Users\ismak\Documents\GitHub\relation_test_code_smell_ML\dataset\projects\cassandra\test\distributed\org\apache\cassandra\distributed\test\streaming\StreamFailureLogsFailureDueToSessionFailedTest.java,
cassandra,C:\Users\ismak\Documents\GitHub\relation_test_code_smell_ML\dataset\projects\cassandra\test\distributed\org\apache\cassandra\distributed\test\streaming\StreamFailureLogsFailureDueToSessionTimeoutTest.java,
cassandra,C:\Users\ismak\Documents\GitHub\relation_test_code_smell_ML\dataset\projects\cassandra\test\distributed\org\apache\cassandra\distributed\test\streaming\StreamFailureLogsFailureInTheMiddleWithEOFTest.java,
cassandra,C:\Users\ismak\Documents\GitHub\relation_test_code_smell_ML\dataset\projects\cassandra\test\distributed\org\apache\cassandra\distributed\test\streaming\StreamFailureLogsFailureInTheMiddleWithUnknownTest.java,
cassandra,C:\Users\ismak\Documents\GitHub\relation_test_code_smell_ML\dataset\projects\cassandra\test\distributed\org\apache\cassandra\distributed\test\streaming\StreamingStatsDisabledTest.java,
cassandra,C:\Users\ismak\Documents\GitHub\relation_test_code_smell_ML\dataset\projects\cassandra\test\distributed\org\apache\cassandra\distributed\test\StreamingDirectWriteTest.java,
cassandra,C:\Users\ismak\Documents\GitHub\relation_test_code_smell_ML\dataset\projects\cassandra\test\distributed\org\apache\cassandra\distributed\test\StreamingTest.java,
cassandra,C:\Users\ismak\Documents\GitHub\relation_test_code_smell_ML\dataset\projects\cassandra\test\distributed\org\apache\cassandra\distributed\test\StreamPrepareFailTest.java,
cassandra,C:\Users\ismak\Documents\GitHub\relation_test_code_smell_ML\dataset\projects\cassandra\test\distributed\org\apache\cassandra\distributed\test\StreamsDiskSpaceTest.java,
cassandra,C:\Users\ismak\Documents\GitHub\relation_test_code_smell_ML\dataset\projects\cassandra\test\distributed\org\apache\cassandra\distributed\test\SystemKeyspacesDataLocationTest.java,
cassandra,C:\Users\ismak\Documents\GitHub\relation_test_code_smell_ML\dataset\projects\cassandra\test\distributed\org\apache\cassandra\distributed\test\TableEstimatesTest.java,
cassandra,C:\Users\ismak\Documents\GitHub\relation_test_code_smell_ML\dataset\projects\cassandra\test\distributed\org\apache\cassandra\distributed\test\TableLevelIncrementalBackupsTest.java,
cassandra,C:\Users\ismak\Documents\GitHub\relation_test_code_smell_ML\dataset\projects\cassandra\test\distributed\org\apache\cassandra\distributed\test\tcm\ClusterMetadataAbortedBootstrapRejoinTest.java,
cassandra,C:\Users\ismak\Documents\GitHub\relation_test_code_smell_ML\dataset\projects\cassandra\test\distributed\org\apache\cassandra\distributed\test\tcm\CMSPlacementAfterBootstrapTest.java,
cassandra,C:\Users\ismak\Documents\GitHub\relation_test_code_smell_ML\dataset\projects\cassandra\test\distributed\org\apache\cassandra\distributed\test\tcm\CMSPlacementAfterMoveTest.java,
cassandra,C:\Users\ismak\Documents\GitHub\relation_test_code_smell_ML\dataset\projects\cassandra\test\distributed\org\apache\cassandra\distributed\test\tcm\CMSPlacementAfterReplacementTest.java,
cassandra,C:\Users\ismak\Documents\GitHub\relation_test_code_smell_ML\dataset\projects\cassandra\test\distributed\org\apache\cassandra\distributed\test\tcm\CMSShutdownTest.java,
cassandra,C:\Users\ismak\Documents\GitHub\relation_test_code_smell_ML\dataset\projects\cassandra\test\distributed\org\apache\cassandra\distributed\test\tcm\FailureDetectorRecomputeTest.java,
cassandra,C:\Users\ismak\Documents\GitHub\relation_test_code_smell_ML\dataset\projects\cassandra\test\distributed\org\apache\cassandra\distributed\test\tcm\IndexTablePartitionerAfterForceSnapshotTest.java,
cassandra,C:\Users\ismak\Documents\GitHub\relation_test_code_smell_ML\dataset\projects\cassandra\test\distributed\org\apache\cassandra\distributed\test\tcm\LogReplicationTest.java,
cassandra,C:\Users\ismak\Documents\GitHub\relation_test_code_smell_ML\dataset\projects\cassandra\test\distributed\org\apache\cassandra\distributed\test\tcm\LostCommitReqResTest.java,
cassandra,C:\Users\ismak\Documents\GitHub\relation_test_code_smell_ML\dataset\projects\cassandra\test\distributed\org\apache\cassandra\distributed\test\tcm\PaxosRepairTCMTest.java,
cassandra,C:\Users\ismak\Documents\GitHub\relation_test_code_smell_ML\dataset\projects\cassandra\test\distributed\org\apache\cassandra\distributed\test\tcm\RepairMetadataKeyspaceTest.java,
cassandra,C:\Users\ismak\Documents\GitHub\relation_test_code_smell_ML\dataset\projects\cassandra\test\distributed\org\apache\cassandra\distributed\test\tcm\SplitBrainTest.java,
cassandra,C:\Users\ismak\Documents\GitHub\relation_test_code_smell_ML\dataset\projects\cassandra\test\distributed\org\apache\cassandra\distributed\test\TestBaseImpl.java,
cassandra,C:\Users\ismak\Documents\GitHub\relation_test_code_smell_ML\dataset\projects\cassandra\test\distributed\org\apache\cassandra\distributed\test\thresholds\CoordinatorReadSizeWarningTest.java,
cassandra,C:\Users\ismak\Documents\GitHub\relation_test_code_smell_ML\dataset\projects\cassandra\test\distributed\org\apache\cassandra\distributed\test\thresholds\LocalReadSizeWarningTest.java,
cassandra,C:\Users\ismak\Documents\GitHub\relation_test_code_smell_ML\dataset\projects\cassandra\test\distributed\org\apache\cassandra\distributed\test\thresholds\ReplicaWarningTest.java,
cassandra,C:\Users\ismak\Documents\GitHub\relation_test_code_smell_ML\dataset\projects\cassandra\test\distributed\org\apache\cassandra\distributed\test\thresholds\RowIndexSizeWarningTest.java,
cassandra,C:\Users\ismak\Documents\GitHub\relation_test_code_smell_ML\dataset\projects\cassandra\test\distributed\org\apache\cassandra\distributed\test\thresholds\TombstoneCountWarningTest.java,
cassandra,C:\Users\ismak\Documents\GitHub\relation_test_code_smell_ML\dataset\projects\cassandra\test\distributed\org\apache\cassandra\distributed\test\thresholds\WriteSizeWarningTest.java,
cassandra,C:\Users\ismak\Documents\GitHub\relation_test_code_smell_ML\dataset\projects\cassandra\test\distributed\org\apache\cassandra\distributed\test\thresholds\WriteTombstoneWarningTest.java,
cassandra,C:\Users\ismak\Documents\GitHub\relation_test_code_smell_ML\dataset\projects\cassandra\test\distributed\org\apache\cassandra\distributed\test\TimeoutAbortTest.java,
cassandra,C:\Users\ismak\Documents\GitHub\relation_test_code_smell_ML\dataset\projects\cassandra\test\distributed\org\apache\cassandra\distributed\test\TombstoneWarningTest.java,
cassandra,C:\Users\ismak\Documents\GitHub\relation_test_code_smell_ML\dataset\projects\cassandra\test\distributed\org\apache\cassandra\distributed\test\topology\DecommissionAvoidReadTimeoutsTest.java,
cassandra,C:\Users\ismak\Documents\GitHub\relation_test_code_smell_ML\dataset\projects\cassandra\test\distributed\org\apache\cassandra\distributed\test\topology\DecommissionAvoidWriteTimeoutsTest.java,
cassandra,C:\Users\ismak\Documents\GitHub\relation_test_code_smell_ML\dataset\projects\cassandra\test\distributed\org\apache\cassandra\distributed\test\TopologyChangeTest.java,
cassandra,C:\Users\ismak\Documents\GitHub\relation_test_code_smell_ML\dataset\projects\cassandra\test\distributed\org\apache\cassandra\distributed\test\TopPartitionsTest.java,
cassandra,C:\Users\ismak\Documents\GitHub\relation_test_code_smell_ML\dataset\projects\cassandra\test\distributed\org\apache\cassandra\distributed\test\TransientRangeMovement2Test.java,
cassandra,C:\Users\ismak\Documents\GitHub\relation_test_code_smell_ML\dataset\projects\cassandra\test\distributed\org\apache\cassandra\distributed\test\TransientRangeMovementTest.java,
cassandra,C:\Users\ismak\Documents\GitHub\relation_test_code_smell_ML\dataset\projects\cassandra\test\distributed\org\apache\cassandra\distributed\test\UDFTest.java,
cassandra,C:\Users\ismak\Documents\GitHub\relation_test_code_smell_ML\dataset\projects\cassandra\test\distributed\org\apache\cassandra\distributed\test\UnableToParseClientMessageFromBlockedSubnetTest.java,
cassandra,C:\Users\ismak\Documents\GitHub\relation_test_code_smell_ML\dataset\projects\cassandra\test\distributed\org\apache\cassandra\distributed\test\UnableToParseClientMessageTest.java,
cassandra,C:\Users\ismak\Documents\GitHub\relation_test_code_smell_ML\dataset\projects\cassandra\test\distributed\org\apache\cassandra\distributed\test\UnifiedCompactionDensitiesTest.java,
cassandra,C:\Users\ismak\Documents\GitHub\relation_test_code_smell_ML\dataset\projects\cassandra\test\distributed\org\apache\cassandra\distributed\test\UpdateSystemAuthAfterDCExpansionTest.java,
cassandra,C:\Users\ismak\Documents\GitHub\relation_test_code_smell_ML\dataset\projects\cassandra\test\distributed\org\apache\cassandra\distributed\test\UpgradeSSTablesTest.java,
cassandra,C:\Users\ismak\Documents\GitHub\relation_test_code_smell_ML\dataset\projects\cassandra\test\distributed\org\apache\cassandra\distributed\test\VirtualTableFromInternodeTest.java,
cassandra,C:\Users\ismak\Documents\GitHub\relation_test_code_smell_ML\dataset\projects\cassandra\test\distributed\org\apache\cassandra\distributed\test\VirtualTableLogsTest.java,
cassandra,C:\Users\ismak\Documents\GitHub\relation_test_code_smell_ML\dataset\projects\cassandra\test\distributed\org\apache\cassandra\distributed\test\WithPropertiesTest.java,
cassandra,C:\Users\ismak\Documents\GitHub\relation_test_code_smell_ML\dataset\projects\cassandra\test\distributed\org\apache\cassandra\distributed\upgrade\AutoRepairUpgradeTest.java,
cassandra,C:\Users\ismak\Documents\GitHub\relation_test_code_smell_ML\dataset\projects\cassandra\test\distributed\org\apache\cassandra\distributed\upgrade\BatchUpgradeTest.java,
cassandra,C:\Users\ismak\Documents\GitHub\relation_test_code_smell_ML\dataset\projects\cassandra\test\distributed\org\apache\cassandra\distributed\upgrade\ClusterMetadata2iInitializeTest.java,
cassandra,C:\Users\ismak\Documents\GitHub\relation_test_code_smell_ML\dataset\projects\cassandra\test\distributed\org\apache\cassandra\distributed\upgrade\ClusterMetadata2iUpgradeTest.java,
cassandra,C:\Users\ismak\Documents\GitHub\relation_test_code_smell_ML\dataset\projects\cassandra\test\distributed\org\apache\cassandra\distributed\upgrade\ClusterMetadataSingleNodeUpgradeTest.java,
cassandra,C:\Users\ismak\Documents\GitHub\relation_test_code_smell_ML\dataset\projects\cassandra\test\distributed\org\apache\cassandra\distributed\upgrade\ClusterMetadataUpgradeAbortMigrationTest.java,
cassandra,C:\Users\ismak\Documents\GitHub\relation_test_code_smell_ML\dataset\projects\cassandra\test\distributed\org\apache\cassandra\distributed\upgrade\ClusterMetadataUpgradeAssassinateTest.java,
cassandra,C:\Users\ismak\Documents\GitHub\relation_test_code_smell_ML\dataset\projects\cassandra\test\distributed\org\apache\cassandra\distributed\upgrade\ClusterMetadataUpgradeChangeIPTest.java,
cassandra,C:\Users\ismak\Documents\GitHub\relation_test_code_smell_ML\dataset\projects\cassandra\test\distributed\org\apache\cassandra\distributed\upgrade\ClusterMetadataUpgradeCleanupPreInitializeTest.java,
cassandra,C:\Users\ismak\Documents\GitHub\relation_test_code_smell_ML\dataset\projects\cassandra\test\distributed\org\apache\cassandra\distributed\upgrade\ClusterMetadataUpgradeDelayedInitializeTest.java,
cassandra,C:\Users\ismak\Documents\GitHub\relation_test_code_smell_ML\dataset\projects\cassandra\test\distributed\org\apache\cassandra\distributed\upgrade\ClusterMetadataUpgradeHarryTest.java,
cassandra,C:\Users\ismak\Documents\GitHub\relation_test_code_smell_ML\dataset\projects\cassandra\test\distributed\org\apache\cassandra\distributed\upgrade\ClusterMetadataUpgradeHibernateTest.java,
cassandra,C:\Users\ismak\Documents\GitHub\relation_test_code_smell_ML\dataset\projects\cassandra\test\distributed\org\apache\cassandra\distributed\upgrade\ClusterMetadataUpgradeHintsTest.java,
cassandra,C:\Users\ismak\Documents\GitHub\relation_test_code_smell_ML\dataset\projects\cassandra\test\distributed\org\apache\cassandra\distributed\upgrade\ClusterMetadataUpgradeHostIdTest.java,
cassandra,C:\Users\ismak\Documents\GitHub\relation_test_code_smell_ML\dataset\projects\cassandra\test\distributed\org\apache\cassandra\distributed\upgrade\ClusterMetadataUpgradeIgnoreHostsTest.java,
cassandra,C:\Users\ismak\Documents\GitHub\relation_test_code_smell_ML\dataset\projects\cassandra\test\distributed\org\apache\cassandra\distributed\upgrade\ClusterMetadataUpgradeJoinRingTest.java,
cassandra,C:\Users\ismak\Documents\GitHub\relation_test_code_smell_ML\dataset\projects\cassandra\test\distributed\org\apache\cassandra\distributed\upgrade\ClusterMetadataUpgradePreparedStatementsTest.java,
cassandra,C:\Users\ismak\Documents\GitHub\relation_test_code_smell_ML\dataset\projects\cassandra\test\distributed\org\apache\cassandra\distributed\upgrade\ClusterMetadataUpgradeTest.java,
cassandra,C:\Users\ismak\Documents\GitHub\relation_test_code_smell_ML\dataset\projects\cassandra\test\distributed\org\apache\cassandra\distributed\upgrade\ClusterMetadataUpgradeUnexpectedFailureTest.java,
cassandra,C:\Users\ismak\Documents\GitHub\relation_test_code_smell_ML\dataset\projects\cassandra\test\distributed\org\apache\cassandra\distributed\upgrade\CompactionHistorySystemTableUpgradeTest.java,
cassandra,C:\Users\ismak\Documents\GitHub\relation_test_code_smell_ML\dataset\projects\cassandra\test\distributed\org\apache\cassandra\distributed\upgrade\CompactStorageColumnDeleteTest.java,
cassandra,C:\Users\ismak\Documents\GitHub\relation_test_code_smell_ML\dataset\projects\cassandra\test\distributed\org\apache\cassandra\distributed\upgrade\CompactStorageHiddenColumnTest.java,
cassandra,C:\Users\ismak\Documents\GitHub\relation_test_code_smell_ML\dataset\projects\cassandra\test\distributed\org\apache\cassandra\distributed\upgrade\CompactStorageImplicitNullInClusteringTest.java,
cassandra,C:\Users\ismak\Documents\GitHub\relation_test_code_smell_ML\dataset\projects\cassandra\test\distributed\org\apache\cassandra\distributed\upgrade\CompactStoragePagingTest.java,
cassandra,C:\Users\ismak\Documents\GitHub\relation_test_code_smell_ML\dataset\projects\cassandra\test\distributed\org\apache\cassandra\distributed\upgrade\CompactStoragePagingWithProtocolV41Test.java,
cassandra,C:\Users\ismak\Documents\GitHub\relation_test_code_smell_ML\dataset\projects\cassandra\test\distributed\org\apache\cassandra\distributed\upgrade\CompressionUpgradeTest.java,
cassandra,C:\Users\ismak\Documents\GitHub\relation_test_code_smell_ML\dataset\projects\cassandra\test\distributed\org\apache\cassandra\distributed\upgrade\DropCompactStorageNullClusteringValuesTest.java,
cassandra,C:\Users\ismak\Documents\GitHub\relation_test_code_smell_ML\dataset\projects\cassandra\test\distributed\org\apache\cassandra\distributed\upgrade\DropCompactStorageTest.java,
cassandra,C:\Users\ismak\Documents\GitHub\relation_test_code_smell_ML\dataset\projects\cassandra\test\distributed\org\apache\cassandra\distributed\upgrade\GroupByTest.java,
cassandra,C:\Users\ismak\Documents\GitHub\relation_test_code_smell_ML\dataset\projects\cassandra\test\distributed\org\apache\cassandra\distributed\upgrade\MixedModeAvailabilityUpgradedCoordinatorTest.java,
cassandra,C:\Users\ismak\Documents\GitHub\relation_test_code_smell_ML\dataset\projects\cassandra\test\distributed\org\apache\cassandra\distributed\upgrade\MixedModeAvailabilityUpgradedReplicaTest.java,
cassandra,C:\Users\ismak\Documents\GitHub\relation_test_code_smell_ML\dataset\projects\cassandra\test\distributed\org\apache\cassandra\distributed\upgrade\MixedModeConsistencyTest.java,
cassandra,C:\Users\ismak\Documents\GitHub\relation_test_code_smell_ML\dataset\projects\cassandra\test\distributed\org\apache\cassandra\distributed\upgrade\MixedModeLoggedBatchTest.java,
cassandra,C:\Users\ismak\Documents\GitHub\relation_test_code_smell_ML\dataset\projects\cassandra\test\distributed\org\apache\cassandra\distributed\upgrade\MixedModeMessageForwardTest.java,
cassandra,C:\Users\ismak\Documents\GitHub\relation_test_code_smell_ML\dataset\projects\cassandra\test\distributed\org\apache\cassandra\distributed\upgrade\MixedModePaxosLegacyCoordinatorTest.java,
cassandra,C:\Users\ismak\Documents\GitHub\relation_test_code_smell_ML\dataset\projects\cassandra\test\distributed\org\apache\cassandra\distributed\upgrade\MixedModePaxosTTLTest.java,
cassandra,C:\Users\ismak\Documents\GitHub\relation_test_code_smell_ML\dataset\projects\cassandra\test\distributed\org\apache\cassandra\distributed\upgrade\MixedModePaxosUpgradedCoordinatorTest.java,
cassandra,C:\Users\ismak\Documents\GitHub\relation_test_code_smell_ML\dataset\projects\cassandra\test\distributed\org\apache\cassandra\distributed\upgrade\MixedModeReadRepairDeleteTest.java,
cassandra,C:\Users\ismak\Documents\GitHub\relation_test_code_smell_ML\dataset\projects\cassandra\test\distributed\org\apache\cassandra\distributed\upgrade\MixedModeReadRepairTTLTest.java,
cassandra,C:\Users\ismak\Documents\GitHub\relation_test_code_smell_ML\dataset\projects\cassandra\test\distributed\org\apache\cassandra\distributed\upgrade\MixedModeReadRepairWriteTest.java,
cassandra,C:\Users\ismak\Documents\GitHub\relation_test_code_smell_ML\dataset\projects\cassandra\test\distributed\org\apache\cassandra\distributed\upgrade\MixedModeRepairTest.java,
cassandra,C:\Users\ismak\Documents\GitHub\relation_test_code_smell_ML\dataset\projects\cassandra\test\distributed\org\apache\cassandra\distributed\upgrade\MixedModeReplicationTest.java,
cassandra,C:\Users\ismak\Documents\GitHub\relation_test_code_smell_ML\dataset\projects\cassandra\test\distributed\org\apache\cassandra\distributed\upgrade\MixedModeTTLOverflowAfterUpgradeTest.java,
cassandra,C:\Users\ismak\Documents\GitHub\relation_test_code_smell_ML\dataset\projects\cassandra\test\distributed\org\apache\cassandra\distributed\upgrade\MixedModeTTLOverflowDuringUpgradeTest.java,
cassandra,C:\Users\ismak\Documents\GitHub\relation_test_code_smell_ML\dataset\projects\cassandra\test\distributed\org\apache\cassandra\distributed\upgrade\MixedModeUnloggedBatchTest.java,
cassandra,C:\Users\ismak\Documents\GitHub\relation_test_code_smell_ML\dataset\projects\cassandra\test\distributed\org\apache\cassandra\distributed\upgrade\MixedModeWritetimeOrTTLTest.java,
cassandra,C:\Users\ismak\Documents\GitHub\relation_test_code_smell_ML\dataset\projects\cassandra\test\distributed\org\apache\cassandra\distributed\upgrade\UpgradeTest.java,
cassandra,C:\Users\ismak\Documents\GitHub\relation_test_code_smell_ML\dataset\projects\cassandra\test\distributed\org\apache\cassandra\distributed\util\PyDtest.java,
cassandra,C:\Users\ismak\Documents\GitHub\relation_test_code_smell_ML\dataset\projects\cassandra\test\distributed\org\apache\cassandra\fuzz\harry\examples\RangeTombstoneBurnTest.java,
cassandra,C:\Users\ismak\Documents\GitHub\relation_test_code_smell_ML\dataset\projects\cassandra\test\distributed\org\apache\cassandra\fuzz\harry\examples\RepairBurnTest.java,
cassandra,C:\Users\ismak\Documents\GitHub\relation_test_code_smell_ML\dataset\projects\cassandra\test\distributed\org\apache\cassandra\fuzz\harry\util\BitSetTest.java,
cassandra,C:\Users\ismak\Documents\GitHub\relation_test_code_smell_ML\dataset\projects\cassandra\test\distributed\org\apache\cassandra\fuzz\ring\ConsistentBootstrapTest.java,
cassandra,C:\Users\ismak\Documents\GitHub\relation_test_code_smell_ML\dataset\projects\cassandra\test\distributed\org\apache\cassandra\fuzz\ring\ConsistentLeaveTest.java,
cassandra,C:\Users\ismak\Documents\GitHub\relation_test_code_smell_ML\dataset\projects\cassandra\test\distributed\org\apache\cassandra\fuzz\ring\ConsistentMoveTest.java,
cassandra,C:\Users\ismak\Documents\GitHub\relation_test_code_smell_ML\dataset\projects\cassandra\test\distributed\org\apache\cassandra\fuzz\sai\AccordFullMultiNodeSAITest.java,
cassandra,C:\Users\ismak\Documents\GitHub\relation_test_code_smell_ML\dataset\projects\cassandra\test\distributed\org\apache\cassandra\fuzz\sai\AccordFullSingleNodeSAITest.java,
cassandra,C:\Users\ismak\Documents\GitHub\relation_test_code_smell_ML\dataset\projects\cassandra\test\distributed\org\apache\cassandra\fuzz\sai\AccordInteropMultiNodeSAITest.java,
cassandra,C:\Users\ismak\Documents\GitHub\relation_test_code_smell_ML\dataset\projects\cassandra\test\distributed\org\apache\cassandra\fuzz\sai\AccordInteropSingleNodeSAITest.java,
cassandra,C:\Users\ismak\Documents\GitHub\relation_test_code_smell_ML\dataset\projects\cassandra\test\distributed\org\apache\cassandra\fuzz\sai\MultiNodeSAITest.java,
cassandra,C:\Users\ismak\Documents\GitHub\relation_test_code_smell_ML\dataset\projects\cassandra\test\distributed\org\apache\cassandra\fuzz\sai\SingleNodeSAITest.java,
cassandra,C:\Users\ismak\Documents\GitHub\relation_test_code_smell_ML\dataset\projects\cassandra\test\distributed\org\apache\cassandra\fuzz\sai\StaticsTortureTest.java,
cassandra,C:\Users\ismak\Documents\GitHub\relation_test_code_smell_ML\dataset\projects\cassandra\test\distributed\org\apache\cassandra\fuzz\snapshots\SnapshotsTest.java,
cassandra,C:\Users\ismak\Documents\GitHub\relation_test_code_smell_ML\dataset\projects\cassandra\test\distributed\org\apache\cassandra\fuzz\topology\AccordBootstrapTest.java,
cassandra,C:\Users\ismak\Documents\GitHub\relation_test_code_smell_ML\dataset\projects\cassandra\test\distributed\org\apache\cassandra\fuzz\topology\AccordBounceTest.java,
cassandra,C:\Users\ismak\Documents\GitHub\relation_test_code_smell_ML\dataset\projects\cassandra\test\distributed\org\apache\cassandra\fuzz\topology\AccordHardCatchupTest.java,
cassandra,C:\Users\ismak\Documents\GitHub\relation_test_code_smell_ML\dataset\projects\cassandra\test\distributed\org\apache\cassandra\fuzz\topology\AccordRebootstrapTest.java,
cassandra,C:\Users\ismak\Documents\GitHub\relation_test_code_smell_ML\dataset\projects\cassandra\test\distributed\org\apache\cassandra\fuzz\topology\AccordTopologyMixupTest.java,
cassandra,C:\Users\ismak\Documents\GitHub\relation_test_code_smell_ML\dataset\projects\cassandra\test\distributed\org\apache\cassandra\fuzz\topology\HarryOnAccordTopologyMixupTest.java,
cassandra,C:\Users\ismak\Documents\GitHub\relation_test_code_smell_ML\dataset\projects\cassandra\test\distributed\org\apache\cassandra\fuzz\topology\HarryTopologyMixupTest.java,
cassandra,C:\Users\ismak\Documents\GitHub\relation_test_code_smell_ML\dataset\projects\cassandra\test\distributed\org\apache\cassandra\fuzz\topology\IdenticalTopologyTest.java,
cassandra,C:\Users\ismak\Documents\GitHub\relation_test_code_smell_ML\dataset\projects\cassandra\test\distributed\org\apache\cassandra\fuzz\topology\JournalGCTest.java,
cassandra,C:\Users\ismak\Documents\GitHub\relation_test_code_smell_ML\dataset\projects\cassandra\test\distributed\org\apache\cassandra\service\accord\AccordJournalCompactionTest.java,
cassandra,C:\Users\ismak\Documents\GitHub\relation_test_code_smell_ML\dataset\projects\cassandra\test\distributed\org\apache\cassandra\service\accord\journal\AccordJournalBurnTest.java,
cassandra,C:\Users\ismak\Documents\GitHub\relation_test_code_smell_ML\dataset\projects\cassandra\test\harry\main\org\apache\cassandra\harry\checker\TestHelper.java,
cassandra,C:\Users\ismak\Documents\GitHub\relation_test_code_smell_ML\dataset\projects\cassandra\test\harry\main\org\apache\cassandra\harry\dsl\TestRunner.java,
cassandra,C:\Users\ismak\Documents\GitHub\relation_test_code_smell_ML\dataset\projects\cassandra\test\harry\main\org\apache\cassandra\harry\gen\test\EntropySourceTest.java,
cassandra,C:\Users\ismak\Documents\GitHub\relation_test_code_smell_ML\dataset\projects\cassandra\test\harry\main\org\apache\cassandra\harry\model\ASTSingleTableModelTest.java,
cassandra,C:\Users\ismak\Documents\GitHub\relation_test_code_smell_ML\dataset\projects\cassandra\test\harry\main\org\apache\cassandra\harry\test\HarryCompactionTest.java,
cassandra,C:\Users\ismak\Documents\GitHub\relation_test_code_smell_ML\dataset\projects\cassandra\test\harry\main\org\apache\cassandra\harry\test\HarryCompactionWithRangeDeletionsTest.java,
cassandra,C:\Users\ismak\Documents\GitHub\relation_test_code_smell_ML\dataset\projects\cassandra\test\harry\main\org\apache\cassandra\harry\test\HarrySSTableWriterTest.java,
cassandra,C:\Users\ismak\Documents\GitHub\relation_test_code_smell_ML\dataset\projects\cassandra\test\harry\main\org\apache\cassandra\harry\test\HistoryBuilderTest.java,
cassandra,C:\Users\ismak\Documents\GitHub\relation_test_code_smell_ML\dataset\projects\cassandra\test\harry\main\org\apache\cassandra\harry\test\QueryBuilderTest.java,
cassandra,C:\Users\ismak\Documents\GitHub\relation_test_code_smell_ML\dataset\projects\cassandra\test\harry\main\org\apache\cassandra\harry\test\SimpleBijectionTest.java,
cassandra,C:\Users\ismak\Documents\GitHub\relation_test_code_smell_ML\dataset\projects\cassandra\test\harry\main\org\apache\cassandra\harry\test\TestStateTest.java,
cassandra,C:\Users\ismak\Documents\GitHub\relation_test_code_smell_ML\dataset\projects\cassandra\test\long\org\apache\cassandra\cql3\CorruptionTest.java,
cassandra,C:\Users\ismak\Documents\GitHub\relation_test_code_smell_ML\dataset\projects\cassandra\test\long\org\apache\cassandra\cql3\ManyRowsTest.java,
cassandra,C:\Users\ismak\Documents\GitHub\relation_test_code_smell_ML\dataset\projects\cassandra\test\long\org\apache\cassandra\cql3\ViewLongTest.java,
cassandra,C:\Users\ismak\Documents\GitHub\relation_test_code_smell_ML\dataset\projects\cassandra\test\long\org\apache\cassandra\db\commitlog\BatchCommitLogStressTest.java,
cassandra,C:\Users\ismak\Documents\GitHub\relation_test_code_smell_ML\dataset\projects\cassandra\test\long\org\apache\cassandra\db\commitlog\CommitLogStressTest.java,
cassandra,C:\Users\ismak\Documents\GitHub\relation_test_code_smell_ML\dataset\projects\cassandra\test\long\org\apache\cassandra\db\commitlog\GroupCommitLogStressTest.java,
cassandra,C:\Users\ismak\Documents\GitHub\relation_test_code_smell_ML\dataset\projects\cassandra\test\long\org\apache\cassandra\db\commitlog\PeriodicCommitLogStressTest.java,
cassandra,C:\Users\ismak\Documents\GitHub\relation_test_code_smell_ML\dataset\projects\cassandra\test\long\org\apache\cassandra\db\compaction\LongCompactionsTest.java,
cassandra,C:\Users\ismak\Documents\GitHub\relation_test_code_smell_ML\dataset\projects\cassandra\test\long\org\apache\cassandra\db\compaction\LongLeveledCompactionStrategyCQLTest.java,
cassandra,C:\Users\ismak\Documents\GitHub\relation_test_code_smell_ML\dataset\projects\cassandra\test\long\org\apache\cassandra\db\compaction\LongLeveledCompactionStrategyTest.java,
cassandra,C:\Users\ismak\Documents\GitHub\relation_test_code_smell_ML\dataset\projects\cassandra\test\long\org\apache\cassandra\dht\tokenallocator\AbstractReplicationAwareTokenAllocatorTest.java,
cassandra,C:\Users\ismak\Documents\GitHub\relation_test_code_smell_ML\dataset\projects\cassandra\test\long\org\apache\cassandra\dht\tokenallocator\Murmur3ReplicationAwareTokenAllocatorTest.java,
cassandra,C:\Users\ismak\Documents\GitHub\relation_test_code_smell_ML\dataset\projects\cassandra\test\long\org\apache\cassandra\dht\tokenallocator\NoReplicationTokenAllocatorTest.java,
cassandra,C:\Users\ismak\Documents\GitHub\relation_test_code_smell_ML\dataset\projects\cassandra\test\long\org\apache\cassandra\dht\tokenallocator\RandomReplicationAwareTokenAllocatorTest.java,
cassandra,C:\Users\ismak\Documents\GitHub\relation_test_code_smell_ML\dataset\projects\cassandra\test\long\org\apache\cassandra\hints\HintsWriteThenReadTest.java,
cassandra,C:\Users\ismak\Documents\GitHub\relation_test_code_smell_ML\dataset\projects\cassandra\test\long\org\apache\cassandra\io\sstable\CQLSSTableWriterLongTest.java,
cassandra,C:\Users\ismak\Documents\GitHub\relation_test_code_smell_ML\dataset\projects\cassandra\test\long\org\apache\cassandra\locator\DynamicEndpointSnitchLongTest.java,
cassandra,C:\Users\ismak\Documents\GitHub\relation_test_code_smell_ML\dataset\projects\cassandra\test\long\org\apache\cassandra\streaming\LongStreamingTest.java,
cassandra,C:\Users\ismak\Documents\GitHub\relation_test_code_smell_ML\dataset\projects\cassandra\test\long\org\apache\cassandra\utils\HeapUtilsTest.java,
cassandra,C:\Users\ismak\Documents\GitHub\relation_test_code_smell_ML\dataset\projects\cassandra\test\long\org\apache\cassandra\utils\LongBloomFilterTest.java,
cassandra,C:\Users\ismak\Documents\GitHub\relation_test_code_smell_ML\dataset\projects\cassandra\test\memory\org\apache\cassandra\db\compaction\CompactionAllocationTest.java,
cassandra,C:\Users\ismak\Documents\GitHub\relation_test_code_smell_ML\dataset\projects\cassandra\test\microbench\org\apache\cassandra\test\microbench\CachingBenchTest.java,
cassandra,C:\Users\ismak\Documents\GitHub\relation_test_code_smell_ML\dataset\projects\cassandra\test\microbench\org\apache\cassandra\test\microbench\GcCompactionBenchTest.java,
cassandra,C:\Users\ismak\Documents\GitHub\relation_test_code_smell_ML\dataset\projects\cassandra\test\simulator\test\org\apache\cassandra\simulator\paxos\AbstractPairOfSequencesPaxosSimulationTest.java,
cassandra,C:\Users\ismak\Documents\GitHub\relation_test_code_smell_ML\dataset\projects\cassandra\test\simulator\test\org\apache\cassandra\simulator\paxos\HistoryValidatorTest.java,
cassandra,C:\Users\ismak\Documents\GitHub\relation_test_code_smell_ML\dataset\projects\cassandra\test\simulator\test\org\apache\cassandra\simulator\test\AccordExecutorTest.java,
cassandra,C:\Users\ismak\Documents\GitHub\relation_test_code_smell_ML\dataset\projects\cassandra\test\simulator\test\org\apache\cassandra\simulator\test\AccordHarrySimulationTest.java,
cassandra,C:\Users\ismak\Documents\GitHub\relation_test_code_smell_ML\dataset\projects\cassandra\test\simulator\test\org\apache\cassandra\simulator\test\AccordJournalSimulationTest.java,
cassandra,C:\Users\ismak\Documents\GitHub\relation_test_code_smell_ML\dataset\projects\cassandra\test\simulator\test\org\apache\cassandra\simulator\test\EpochStressTest.java,
cassandra,C:\Users\ismak\Documents\GitHub\relation_test_code_smell_ML\dataset\projects\cassandra\test\simulator\test\org\apache\cassandra\simulator\test\HarrySimulatorTest.java,
cassandra,C:\Users\ismak\Documents\GitHub\relation_test_code_smell_ML\dataset\projects\cassandra\test\simulator\test\org\apache\cassandra\simulator\test\MonitorMethodTransformerTest.java,
cassandra,C:\Users\ismak\Documents\GitHub\relation_test_code_smell_ML\dataset\projects\cassandra\test\simulator\test\org\apache\cassandra\simulator\test\SemaphoreTest.java,
cassandra,C:\Users\ismak\Documents\GitHub\relation_test_code_smell_ML\dataset\projects\cassandra\test\simulator\test\org\apache\cassandra\simulator\test\ShortAccordSimulationTest.java,
cassandra,C:\Users\ismak\Documents\GitHub\relation_test_code_smell_ML\dataset\projects\cassandra\test\simulator\test\org\apache\cassandra\simulator\test\ShortPaxosMigrationFromAccordSimulationTest.java,
cassandra,C:\Users\ismak\Documents\GitHub\relation_test_code_smell_ML\dataset\projects\cassandra\test\simulator\test\org\apache\cassandra\simulator\test\ShortPaxosMigrationToAccordSimulationTest.java,
cassandra,C:\Users\ismak\Documents\GitHub\relation_test_code_smell_ML\dataset\projects\cassandra\test\simulator\test\org\apache\cassandra\simulator\test\ShortPaxosSimulationTest.java,
cassandra,C:\Users\ismak\Documents\GitHub\relation_test_code_smell_ML\dataset\projects\cassandra\test\simulator\test\org\apache\cassandra\simulator\test\SingleNodeSingleTableASTTest.java,
cassandra,C:\Users\ismak\Documents\GitHub\relation_test_code_smell_ML\dataset\projects\cassandra\test\simulator\test\org\apache\cassandra\simulator\test\TrivialSimulationTest.java,
cassandra,C:\Users\ismak\Documents\GitHub\relation_test_code_smell_ML\dataset\projects\cassandra\test\unit\org\apache\cassandra\audit\AuditLogEntryTest.java,
cassandra,C:\Users\ismak\Documents\GitHub\relation_test_code_smell_ML\dataset\projects\cassandra\test\unit\org\apache\cassandra\audit\AuditLogFilterTest.java,
cassandra,C:\Users\ismak\Documents\GitHub\relation_test_code_smell_ML\dataset\projects\cassandra\test\unit\org\apache\cassandra\audit\AuditLoggerAuthTest.java,
cassandra,C:\Users\ismak\Documents\GitHub\relation_test_code_smell_ML\dataset\projects\cassandra\test\unit\org\apache\cassandra\audit\AuditLoggerCleanupTest.java,
cassandra,C:\Users\ismak\Documents\GitHub\relation_test_code_smell_ML\dataset\projects\cassandra\test\unit\org\apache\cassandra\audit\AuditLoggerTest.java,
cassandra,C:\Users\ismak\Documents\GitHub\relation_test_code_smell_ML\dataset\projects\cassandra\test\unit\org\apache\cassandra\audit\AuditLogOptionsTest.java,
cassandra,C:\Users\ismak\Documents\GitHub\relation_test_code_smell_ML\dataset\projects\cassandra\test\unit\org\apache\cassandra\audit\BinAuditLoggerTest.java,
cassandra,C:\Users\ismak\Documents\GitHub\relation_test_code_smell_ML\dataset\projects\cassandra\test\unit\org\apache\cassandra\audit\FileAuditLoggerTest.java,
cassandra,C:\Users\ismak\Documents\GitHub\relation_test_code_smell_ML\dataset\projects\cassandra\test\unit\org\apache\cassandra\auth\AllowAllCIDRAuthorizerTest.java,
cassandra,C:\Users\ismak\Documents\GitHub\relation_test_code_smell_ML\dataset\projects\cassandra\test\unit\org\apache\cassandra\auth\AuthCacheTest.java,
cassandra,C:\Users\ismak\Documents\GitHub\relation_test_code_smell_ML\dataset\projects\cassandra\test\unit\org\apache\cassandra\auth\AuthConfigTest.java,
cassandra,C:\Users\ismak\Documents\GitHub\relation_test_code_smell_ML\dataset\projects\cassandra\test\unit\org\apache\cassandra\auth\AuthPropertiesTest.java,
cassandra,C:\Users\ismak\Documents\GitHub\relation_test_code_smell_ML\dataset\projects\cassandra\test\unit\org\apache\cassandra\auth\CacheRefresherTest.java,
cassandra,C:\Users\ismak\Documents\GitHub\relation_test_code_smell_ML\dataset\projects\cassandra\test\unit\org\apache\cassandra\auth\CassandraAuthorizerTest.java,
cassandra,C:\Users\ismak\Documents\GitHub\relation_test_code_smell_ML\dataset\projects\cassandra\test\unit\org\apache\cassandra\auth\CassandraAuthorizerTruncatingTest.java,
cassandra,C:\Users\ismak\Documents\GitHub\relation_test_code_smell_ML\dataset\projects\cassandra\test\unit\org\apache\cassandra\auth\CassandraCIDRAuthorizerEnforceModeTest.java,
cassandra,C:\Users\ismak\Documents\GitHub\relation_test_code_smell_ML\dataset\projects\cassandra\test\unit\org\apache\cassandra\auth\CassandraCIDRAuthorizerMonitorModeTest.java,
cassandra,C:\Users\ismak\Documents\GitHub\relation_test_code_smell_ML\dataset\projects\cassandra\test\unit\org\apache\cassandra\auth\CassandraNetworkAuthorizerTest.java,
cassandra,C:\Users\ismak\Documents\GitHub\relation_test_code_smell_ML\dataset\projects\cassandra\test\unit\org\apache\cassandra\auth\CassandraRoleManagerTest.java,
cassandra,C:\Users\ismak\Documents\GitHub\relation_test_code_smell_ML\dataset\projects\cassandra\test\unit\org\apache\cassandra\auth\CIDRGroupsMappingIntervalTreeTest.java,
cassandra,C:\Users\ismak\Documents\GitHub\relation_test_code_smell_ML\dataset\projects\cassandra\test\unit\org\apache\cassandra\auth\CIDRGroupsMappingManagerTest.java,
cassandra,C:\Users\ismak\Documents\GitHub\relation_test_code_smell_ML\dataset\projects\cassandra\test\unit\org\apache\cassandra\auth\CIDRGroupsMappingTableTest.java,
cassandra,C:\Users\ismak\Documents\GitHub\relation_test_code_smell_ML\dataset\projects\cassandra\test\unit\org\apache\cassandra\auth\CreateAndAlterRoleTest.java,
cassandra,C:\Users\ismak\Documents\GitHub\relation_test_code_smell_ML\dataset\projects\cassandra\test\unit\org\apache\cassandra\auth\CustomAuthenticatorTest.java,
cassandra,C:\Users\ismak\Documents\GitHub\relation_test_code_smell_ML\dataset\projects\cassandra\test\unit\org\apache\cassandra\auth\FunctionResourceTest.java,
cassandra,C:\Users\ismak\Documents\GitHub\relation_test_code_smell_ML\dataset\projects\cassandra\test\unit\org\apache\cassandra\auth\GrantAndRevokeTest.java,
cassandra,C:\Users\ismak\Documents\GitHub\relation_test_code_smell_ML\dataset\projects\cassandra\test\unit\org\apache\cassandra\auth\jmx\AbstractJMXAuthTest.java,
cassandra,C:\Users\ismak\Documents\GitHub\relation_test_code_smell_ML\dataset\projects\cassandra\test\unit\org\apache\cassandra\auth\jmx\AuthorizationProxyTest.java,
cassandra,C:\Users\ismak\Documents\GitHub\relation_test_code_smell_ML\dataset\projects\cassandra\test\unit\org\apache\cassandra\auth\jmx\JMXAuthJMXServerOptionsTest.java,
cassandra,C:\Users\ismak\Documents\GitHub\relation_test_code_smell_ML\dataset\projects\cassandra\test\unit\org\apache\cassandra\auth\jmx\JMXAuthSystemPropertiesTest.java,
cassandra,C:\Users\ismak\Documents\GitHub\relation_test_code_smell_ML\dataset\projects\cassandra\test\unit\org\apache\cassandra\auth\MutualTlsAuthenticatorTest.java,
cassandra,C:\Users\ismak\Documents\GitHub\relation_test_code_smell_ML\dataset\projects\cassandra\test\unit\org\apache\cassandra\auth\MutualTlsCertificateValidityPeriodValidatorTest.java,
cassandra,C:\Users\ismak\Documents\GitHub\relation_test_code_smell_ML\dataset\projects\cassandra\test\unit\org\apache\cassandra\auth\MutualTlsInternodeAuthenticatorTest.java,
cassandra,C:\Users\ismak\Documents\GitHub\relation_test_code_smell_ML\dataset\projects\cassandra\test\unit\org\apache\cassandra\auth\MutualTlsUtilTest.java,
cassandra,C:\Users\ismak\Documents\GitHub\relation_test_code_smell_ML\dataset\projects\cassandra\test\unit\org\apache\cassandra\auth\MutualTlsWithPasswordFallbackAuthenticatorTest.java,
cassandra,C:\Users\ismak\Documents\GitHub\relation_test_code_smell_ML\dataset\projects\cassandra\test\unit\org\apache\cassandra\auth\PasswordAuthenticatorTest.java,
cassandra,C:\Users\ismak\Documents\GitHub\relation_test_code_smell_ML\dataset\projects\cassandra\test\unit\org\apache\cassandra\auth\ResourcesTest.java,
cassandra,C:\Users\ismak\Documents\GitHub\relation_test_code_smell_ML\dataset\projects\cassandra\test\unit\org\apache\cassandra\auth\RoleOptionsTest.java,
cassandra,C:\Users\ismak\Documents\GitHub\relation_test_code_smell_ML\dataset\projects\cassandra\test\unit\org\apache\cassandra\auth\RolesTest.java,
cassandra,C:\Users\ismak\Documents\GitHub\relation_test_code_smell_ML\dataset\projects\cassandra\test\unit\org\apache\cassandra\auth\SpiffeCertificateValidatorTest.java,
cassandra,C:\Users\ismak\Documents\GitHub\relation_test_code_smell_ML\dataset\projects\cassandra\test\unit\org\apache\cassandra\auth\TxnAuthTest.java,
cassandra,C:\Users\ismak\Documents\GitHub\relation_test_code_smell_ML\dataset\projects\cassandra\test\unit\org\apache\cassandra\batchlog\BatchlogEndpointFilterTest.java,
cassandra,C:\Users\ismak\Documents\GitHub\relation_test_code_smell_ML\dataset\projects\cassandra\test\unit\org\apache\cassandra\batchlog\BatchlogManagerTest.java,
cassandra,C:\Users\ismak\Documents\GitHub\relation_test_code_smell_ML\dataset\projects\cassandra\test\unit\org\apache\cassandra\batchlog\BatchlogTest.java,
cassandra,C:\Users\ismak\Documents\GitHub\relation_test_code_smell_ML\dataset\projects\cassandra\test\unit\org\apache\cassandra\cache\AutoSavingCacheTest.java,
cassandra,C:\Users\ismak\Documents\GitHub\relation_test_code_smell_ML\dataset\projects\cassandra\test\unit\org\apache\cassandra\cache\CacheProviderTest.java,
cassandra,C:\Users\ismak\Documents\GitHub\relation_test_code_smell_ML\dataset\projects\cassandra\test\unit\org\apache\cassandra\cache\NopCacheProviderTest.java,
cassandra,C:\Users\ismak\Documents\GitHub\relation_test_code_smell_ML\dataset\projects\cassandra\test\unit\org\apache\cassandra\CassandraXMLJUnitResultFormatterTest.java,
cassandra,C:\Users\ismak\Documents\GitHub\relation_test_code_smell_ML\dataset\projects\cassandra\test\unit\org\apache\cassandra\concurrent\AbstractExecutorPlusTest.java,
cassandra,C:\Users\ismak\Documents\GitHub\relation_test_code_smell_ML\dataset\projects\cassandra\test\unit\org\apache\cassandra\concurrent\DebuggableScheduledThreadPoolExecutorTest.java,
cassandra,C:\Users\ismak\Documents\GitHub\relation_test_code_smell_ML\dataset\projects\cassandra\test\unit\org\apache\cassandra\concurrent\DebuggableThreadPoolExecutorTest.java,
cassandra,C:\Users\ismak\Documents\GitHub\relation_test_code_smell_ML\dataset\projects\cassandra\test\unit\org\apache\cassandra\concurrent\ExecutorPlusTest.java,
cassandra,C:\Users\ismak\Documents\GitHub\relation_test_code_smell_ML\dataset\projects\cassandra\test\unit\org\apache\cassandra\concurrent\InfiniteLoopExecutorTest.java,
cassandra,C:\Users\ismak\Documents\GitHub\relation_test_code_smell_ML\dataset\projects\cassandra\test\unit\org\apache\cassandra\concurrent\LocalAwareExecutorPlusTest.java,
cassandra,C:\Users\ismak\Documents\GitHub\relation_test_code_smell_ML\dataset\projects\cassandra\test\unit\org\apache\cassandra\concurrent\ManyToOneConcurrentLinkedQueueTest.java,
cassandra,C:\Users\ismak\Documents\GitHub\relation_test_code_smell_ML\dataset\projects\cassandra\test\unit\org\apache\cassandra\concurrent\SEPExecutorTest.java,
cassandra,C:\Users\ismak\Documents\GitHub\relation_test_code_smell_ML\dataset\projects\cassandra\test\unit\org\apache\cassandra\concurrent\WaitQueueTest.java,
cassandra,C:\Users\ismak\Documents\GitHub\relation_test_code_smell_ML\dataset\projects\cassandra\test\unit\org\apache\cassandra\config\CassandraRelevantPropertiesTest.java,
cassandra,C:\Users\ismak\Documents\GitHub\relation_test_code_smell_ML\dataset\projects\cassandra\test\unit\org\apache\cassandra\config\ConfigCompatibilityTest.java,
cassandra,C:\Users\ismak\Documents\GitHub\relation_test_code_smell_ML\dataset\projects\cassandra\test\unit\org\apache\cassandra\config\ConfigTest.java,
cassandra,C:\Users\ismak\Documents\GitHub\relation_test_code_smell_ML\dataset\projects\cassandra\test\unit\org\apache\cassandra\config\DatabaseDescriptorRefTest.java,
cassandra,C:\Users\ismak\Documents\GitHub\relation_test_code_smell_ML\dataset\projects\cassandra\test\unit\org\apache\cassandra\config\DatabaseDescriptorTest.java,
cassandra,C:\Users\ismak\Documents\GitHub\relation_test_code_smell_ML\dataset\projects\cassandra\test\unit\org\apache\cassandra\config\DataRateSpecTest.java,
cassandra,C:\Users\ismak\Documents\GitHub\relation_test_code_smell_ML\dataset\projects\cassandra\test\unit\org\apache\cassandra\config\DataStorageSpecTest.java,
cassandra,C:\Users\ismak\Documents\GitHub\relation_test_code_smell_ML\dataset\projects\cassandra\test\unit\org\apache\cassandra\config\DefaultLoaderTest.java,
cassandra,C:\Users\ismak\Documents\GitHub\relation_test_code_smell_ML\dataset\projects\cassandra\test\unit\org\apache\cassandra\config\DurationSpecTest.java,
cassandra,C:\Users\ismak\Documents\GitHub\relation_test_code_smell_ML\dataset\projects\cassandra\test\unit\org\apache\cassandra\config\EncryptionOptionsEqualityTest.java,
cassandra,C:\Users\ismak\Documents\GitHub\relation_test_code_smell_ML\dataset\projects\cassandra\test\unit\org\apache\cassandra\config\EncryptionOptionsTest.java,
cassandra,C:\Users\ismak\Documents\GitHub\relation_test_code_smell_ML\dataset\projects\cassandra\test\unit\org\apache\cassandra\config\FailStartupDuplicateParamsTest.java,
cassandra,C:\Users\ismak\Documents\GitHub\relation_test_code_smell_ML\dataset\projects\cassandra\test\unit\org\apache\cassandra\config\LoaderTest.java,
cassandra,C:\Users\ismak\Documents\GitHub\relation_test_code_smell_ML\dataset\projects\cassandra\test\unit\org\apache\cassandra\config\LoadOldYAMLBackwardCompatibilityTest.java,
cassandra,C:\Users\ismak\Documents\GitHub\relation_test_code_smell_ML\dataset\projects\cassandra\test\unit\org\apache\cassandra\config\ParameterizedClassTest.java,
cassandra,C:\Users\ismak\Documents\GitHub\relation_test_code_smell_ML\dataset\projects\cassandra\test\unit\org\apache\cassandra\config\ParseAndConvertUnitsTest.java,
cassandra,C:\Users\ismak\Documents\GitHub\relation_test_code_smell_ML\dataset\projects\cassandra\test\unit\org\apache\cassandra\config\PropertiesTest.java,
cassandra,C:\Users\ismak\Documents\GitHub\relation_test_code_smell_ML\dataset\projects\cassandra\test\unit\org\apache\cassandra\config\StartupChecksConfigurationTest.java,
cassandra,C:\Users\ismak\Documents\GitHub\relation_test_code_smell_ML\dataset\projects\cassandra\test\unit\org\apache\cassandra\config\StorageAttachedIndexOptionsTest.java,
cassandra,C:\Users\ismak\Documents\GitHub\relation_test_code_smell_ML\dataset\projects\cassandra\test\unit\org\apache\cassandra\config\TestDatabaseDescriptor.java,
cassandra,C:\Users\ismak\Documents\GitHub\relation_test_code_smell_ML\dataset\projects\cassandra\test\unit\org\apache\cassandra\config\YamlConfigurationLoaderTest.java,
cassandra,C:\Users\ismak\Documents\GitHub\relation_test_code_smell_ML\dataset\projects\cassandra\test\unit\org\apache\cassandra\constraints\AlterTableWithTableConstraintValidationTest.java,
cassandra,C:\Users\ismak\Documents\GitHub\relation_test_code_smell_ML\dataset\projects\cassandra\test\unit\org\apache\cassandra\constraints\ColumnConstraintsTest.java,
cassandra,C:\Users\ismak\Documents\GitHub\relation_test_code_smell_ML\dataset\projects\cassandra\test\unit\org\apache\cassandra\constraints\ConstraintArgumentsTest.java,
cassandra,C:\Users\ismak\Documents\GitHub\relation_test_code_smell_ML\dataset\projects\cassandra\test\unit\org\apache\cassandra\constraints\ConstraintsProviderTest.java,
cassandra,C:\Users\ismak\Documents\GitHub\relation_test_code_smell_ML\dataset\projects\cassandra\test\unit\org\apache\cassandra\constraints\ConstraintsSatisfiabilityTest.java,
cassandra,C:\Users\ismak\Documents\GitHub\relation_test_code_smell_ML\dataset\projects\cassandra\test\unit\org\apache\cassandra\constraints\CreateTableWithColumnCqlConstraintValidationTest.java,
cassandra,C:\Users\ismak\Documents\GitHub\relation_test_code_smell_ML\dataset\projects\cassandra\test\unit\org\apache\cassandra\constraints\CreateTableWithColumnNotNullConstraintInvalidTest.java,
cassandra,C:\Users\ismak\Documents\GitHub\relation_test_code_smell_ML\dataset\projects\cassandra\test\unit\org\apache\cassandra\constraints\CreateTableWithColumnNotNullConstraintValidTest.java,
cassandra,C:\Users\ismak\Documents\GitHub\relation_test_code_smell_ML\dataset\projects\cassandra\test\unit\org\apache\cassandra\constraints\CreateTableWithColumnOctetLengthConstraintValidationTest.java,
cassandra,C:\Users\ismak\Documents\GitHub\relation_test_code_smell_ML\dataset\projects\cassandra\test\unit\org\apache\cassandra\constraints\JsonConstraintTest.java,
cassandra,C:\Users\ismak\Documents\GitHub\relation_test_code_smell_ML\dataset\projects\cassandra\test\unit\org\apache\cassandra\constraints\NotNullConstraintTest.java,
cassandra,C:\Users\ismak\Documents\GitHub\relation_test_code_smell_ML\dataset\projects\cassandra\test\unit\org\apache\cassandra\constraints\RegexpConstraintTest.java,
cassandra,C:\Users\ismak\Documents\GitHub\relation_test_code_smell_ML\dataset\projects\cassandra\test\unit\org\apache\cassandra\constraints\TimeConstraintsTest.java,
cassandra,C:\Users\ismak\Documents\GitHub\relation_test_code_smell_ML\dataset\projects\cassandra\test\unit\org\apache\cassandra\cql\jdbc\JdbcDecimalTest.java,
cassandra,C:\Users\ismak\Documents\GitHub\relation_test_code_smell_ML\dataset\projects\cassandra\test\unit\org\apache\cassandra\cql3\AlterSchemaStatementNoOpTest.java,
cassandra,C:\Users\ismak\Documents\GitHub\relation_test_code_smell_ML\dataset\projects\cassandra\test\unit\org\apache\cassandra\cql3\AlterSchemaStatementTest.java,
cassandra,C:\Users\ismak\Documents\GitHub\relation_test_code_smell_ML\dataset\projects\cassandra\test\unit\org\apache\cassandra\cql3\AssignmentTestableTest.java,
cassandra,C:\Users\ismak\Documents\GitHub\relation_test_code_smell_ML\dataset\projects\cassandra\test\unit\org\apache\cassandra\cql3\ast\CQLFormatterPrettyPrintTest.java,
cassandra,C:\Users\ismak\Documents\GitHub\relation_test_code_smell_ML\dataset\projects\cassandra\test\unit\org\apache\cassandra\cql3\ast\ExpressionTest.java,
cassandra,C:\Users\ismak\Documents\GitHub\relation_test_code_smell_ML\dataset\projects\cassandra\test\unit\org\apache\cassandra\cql3\BatchTest.java,
cassandra,C:\Users\ismak\Documents\GitHub\relation_test_code_smell_ML\dataset\projects\cassandra\test\unit\org\apache\cassandra\cql3\CDCStatementTest.java,
cassandra,C:\Users\ismak\Documents\GitHub\relation_test_code_smell_ML\dataset\projects\cassandra\test\unit\org\apache\cassandra\cql3\CIDRTest.java,
cassandra,C:\Users\ismak\Documents\GitHub\relation_test_code_smell_ML\dataset\projects\cassandra\test\unit\org\apache\cassandra\cql3\ColumnIdentifierTest.java,
cassandra,C:\Users\ismak\Documents\GitHub\relation_test_code_smell_ML\dataset\projects\cassandra\test\unit\org\apache\cassandra\cql3\ColumnSpecificationTest.java,
cassandra,C:\Users\ismak\Documents\GitHub\relation_test_code_smell_ML\dataset\projects\cassandra\test\unit\org\apache\cassandra\cql3\CommentAndSecurityLabelClientTest.java,
cassandra,C:\Users\ismak\Documents\GitHub\relation_test_code_smell_ML\dataset\projects\cassandra\test\unit\org\apache\cassandra\cql3\conditions\ColumnConditionTest.java,
cassandra,C:\Users\ismak\Documents\GitHub\relation_test_code_smell_ML\dataset\projects\cassandra\test\unit\org\apache\cassandra\cql3\CqlParserTest.java,
cassandra,C:\Users\ismak\Documents\GitHub\relation_test_code_smell_ML\dataset\projects\cassandra\test\unit\org\apache\cassandra\cql3\CQLTesterTest.java,
cassandra,C:\Users\ismak\Documents\GitHub\relation_test_code_smell_ML\dataset\projects\cassandra\test\unit\org\apache\cassandra\cql3\CustomNowInSecondsTest.java,
cassandra,C:\Users\ismak\Documents\GitHub\relation_test_code_smell_ML\dataset\projects\cassandra\test\unit\org\apache\cassandra\cql3\DecoratedKeyPrefixesTest.java,
cassandra,C:\Users\ismak\Documents\GitHub\relation_test_code_smell_ML\dataset\projects\cassandra\test\unit\org\apache\cassandra\cql3\DeleteTest.java,
cassandra,C:\Users\ismak\Documents\GitHub\relation_test_code_smell_ML\dataset\projects\cassandra\test\unit\org\apache\cassandra\cql3\DistinctQueryPagingTest.java,
cassandra,C:\Users\ismak\Documents\GitHub\relation_test_code_smell_ML\dataset\projects\cassandra\test\unit\org\apache\cassandra\cql3\DurationTest.java,
cassandra,C:\Users\ismak\Documents\GitHub\relation_test_code_smell_ML\dataset\projects\cassandra\test\unit\org\apache\cassandra\cql3\EarlyOpenCompactionTest.java,
cassandra,C:\Users\ismak\Documents\GitHub\relation_test_code_smell_ML\dataset\projects\cassandra\test\unit\org\apache\cassandra\cql3\EmptyValuesTest.java,
cassandra,C:\Users\ismak\Documents\GitHub\relation_test_code_smell_ML\dataset\projects\cassandra\test\unit\org\apache\cassandra\cql3\ErrorCollectorTest.java,
cassandra,C:\Users\ismak\Documents\GitHub\relation_test_code_smell_ML\dataset\projects\cassandra\test\unit\org\apache\cassandra\cql3\functions\AbstractFormatFctTest.java,
cassandra,C:\Users\ismak\Documents\GitHub\relation_test_code_smell_ML\dataset\projects\cassandra\test\unit\org\apache\cassandra\cql3\functions\CastFctsTest.java,
cassandra,C:\Users\ismak\Documents\GitHub\relation_test_code_smell_ML\dataset\projects\cassandra\test\unit\org\apache\cassandra\cql3\functions\ClusterMetadataFctsTest.java,
cassandra,C:\Users\ismak\Documents\GitHub\relation_test_code_smell_ML\dataset\projects\cassandra\test\unit\org\apache\cassandra\cql3\functions\CollectionFctsTest.java,
cassandra,C:\Users\ismak\Documents\GitHub\relation_test_code_smell_ML\dataset\projects\cassandra\test\unit\org\apache\cassandra\cql3\functions\FormatBytesFctTest.java,
cassandra,C:\Users\ismak\Documents\GitHub\relation_test_code_smell_ML\dataset\projects\cassandra\test\unit\org\apache\cassandra\cql3\functions\FormatTimeFctTest.java,
cassandra,C:\Users\ismak\Documents\GitHub\relation_test_code_smell_ML\dataset\projects\cassandra\test\unit\org\apache\cassandra\cql3\functions\FunctionFactoryTest.java,
cassandra,C:\Users\ismak\Documents\GitHub\relation_test_code_smell_ML\dataset\projects\cassandra\test\unit\org\apache\cassandra\cql3\functions\LengthFctsTest.java,
cassandra,C:\Users\ismak\Documents\GitHub\relation_test_code_smell_ML\dataset\projects\cassandra\test\unit\org\apache\cassandra\cql3\functions\masking\ColumnMaskInAnyPositionWithDefaultTest.java,
cassandra,C:\Users\ismak\Documents\GitHub\relation_test_code_smell_ML\dataset\projects\cassandra\test\unit\org\apache\cassandra\cql3\functions\masking\ColumnMaskInAnyPositionWithNullTest.java,
cassandra,C:\Users\ismak\Documents\GitHub\relation_test_code_smell_ML\dataset\projects\cassandra\test\unit\org\apache\cassandra\cql3\functions\masking\ColumnMaskInAnyPositionWithPartialTest.java,
cassandra,C:\Users\ismak\Documents\GitHub\relation_test_code_smell_ML\dataset\projects\cassandra\test\unit\org\apache\cassandra\cql3\functions\masking\ColumnMaskInAnyPositionWithReplaceTest.java,
cassandra,C:\Users\ismak\Documents\GitHub\relation_test_code_smell_ML\dataset\projects\cassandra\test\unit\org\apache\cassandra\cql3\functions\masking\ColumnMaskInAnyPositionWithUDFTest.java,
cassandra,C:\Users\ismak\Documents\GitHub\relation_test_code_smell_ML\dataset\projects\cassandra\test\unit\org\apache\cassandra\cql3\functions\masking\ColumnMaskNativeTypesTest.java,
cassandra,C:\Users\ismak\Documents\GitHub\relation_test_code_smell_ML\dataset\projects\cassandra\test\unit\org\apache\cassandra\cql3\functions\masking\ColumnMaskQueryWithDefaultTest.java,
cassandra,C:\Users\ismak\Documents\GitHub\relation_test_code_smell_ML\dataset\projects\cassandra\test\unit\org\apache\cassandra\cql3\functions\masking\ColumnMaskQueryWithNullTest.java,
cassandra,C:\Users\ismak\Documents\GitHub\relation_test_code_smell_ML\dataset\projects\cassandra\test\unit\org\apache\cassandra\cql3\functions\masking\ColumnMaskQueryWithPartialTest.java,
cassandra,C:\Users\ismak\Documents\GitHub\relation_test_code_smell_ML\dataset\projects\cassandra\test\unit\org\apache\cassandra\cql3\functions\masking\ColumnMaskQueryWithReplaceTest.java,
cassandra,C:\Users\ismak\Documents\GitHub\relation_test_code_smell_ML\dataset\projects\cassandra\test\unit\org\apache\cassandra\cql3\functions\masking\ColumnMaskQueryWithUDFTest.java,
cassandra,C:\Users\ismak\Documents\GitHub\relation_test_code_smell_ML\dataset\projects\cassandra\test\unit\org\apache\cassandra\cql3\functions\masking\ColumnMaskTest.java,
cassandra,C:\Users\ismak\Documents\GitHub\relation_test_code_smell_ML\dataset\projects\cassandra\test\unit\org\apache\cassandra\cql3\functions\masking\ColumnMaskWithTypeAlteringFunctionTest.java,
cassandra,C:\Users\ismak\Documents\GitHub\relation_test_code_smell_ML\dataset\projects\cassandra\test\unit\org\apache\cassandra\cql3\functions\masking\ColumnMaskWithUDFTest.java,
cassandra,C:\Users\ismak\Documents\GitHub\relation_test_code_smell_ML\dataset\projects\cassandra\test\unit\org\apache\cassandra\cql3\functions\masking\DefaultMaskingFunctionTest.java,
cassandra,C:\Users\ismak\Documents\GitHub\relation_test_code_smell_ML\dataset\projects\cassandra\test\unit\org\apache\cassandra\cql3\functions\masking\HashMaskingFunctionTest.java,
cassandra,C:\Users\ismak\Documents\GitHub\relation_test_code_smell_ML\dataset\projects\cassandra\test\unit\org\apache\cassandra\cql3\functions\masking\NullMaskingFunctionTest.java,
cassandra,C:\Users\ismak\Documents\GitHub\relation_test_code_smell_ML\dataset\projects\cassandra\test\unit\org\apache\cassandra\cql3\functions\masking\PartialMaskingFunctionTest.java,
cassandra,C:\Users\ismak\Documents\GitHub\relation_test_code_smell_ML\dataset\projects\cassandra\test\unit\org\apache\cassandra\cql3\functions\masking\ReplaceMaskingFunctionTest.java,
cassandra,C:\Users\ismak\Documents\GitHub\relation_test_code_smell_ML\dataset\projects\cassandra\test\unit\org\apache\cassandra\cql3\functions\masking\SelectMaskedPermissionTest.java,
cassandra,C:\Users\ismak\Documents\GitHub\relation_test_code_smell_ML\dataset\projects\cassandra\test\unit\org\apache\cassandra\cql3\functions\masking\UnmaskPermissionTest.java,
cassandra,C:\Users\ismak\Documents\GitHub\relation_test_code_smell_ML\dataset\projects\cassandra\test\unit\org\apache\cassandra\cql3\functions\MathFctsTest.java,
cassandra,C:\Users\ismak\Documents\GitHub\relation_test_code_smell_ML\dataset\projects\cassandra\test\unit\org\apache\cassandra\cql3\functions\NativeFunctionsTest.java,
cassandra,C:\Users\ismak\Documents\GitHub\relation_test_code_smell_ML\dataset\projects\cassandra\test\unit\org\apache\cassandra\cql3\functions\OperationFctsTest.java,
cassandra,C:\Users\ismak\Documents\GitHub\relation_test_code_smell_ML\dataset\projects\cassandra\test\unit\org\apache\cassandra\cql3\functions\TimeFctsTest.java,
cassandra,C:\Users\ismak\Documents\GitHub\relation_test_code_smell_ML\dataset\projects\cassandra\test\unit\org\apache\cassandra\cql3\functions\VectorFctsTest.java,
cassandra,C:\Users\ismak\Documents\GitHub\relation_test_code_smell_ML\dataset\projects\cassandra\test\unit\org\apache\cassandra\cql3\GcCompactionTest.java,
cassandra,C:\Users\ismak\Documents\GitHub\relation_test_code_smell_ML\dataset\projects\cassandra\test\unit\org\apache\cassandra\cql3\IndexQueryPagingTest.java,
cassandra,C:\Users\ismak\Documents\GitHub\relation_test_code_smell_ML\dataset\projects\cassandra\test\unit\org\apache\cassandra\cql3\KeyCacheCqlTest.java,
cassandra,C:\Users\ismak\Documents\GitHub\relation_test_code_smell_ML\dataset\projects\cassandra\test\unit\org\apache\cassandra\cql3\KeywordSplit1Test.java,
cassandra,C:\Users\ismak\Documents\GitHub\relation_test_code_smell_ML\dataset\projects\cassandra\test\unit\org\apache\cassandra\cql3\KeywordSplitTest.java,
cassandra,C:\Users\ismak\Documents\GitHub\relation_test_code_smell_ML\dataset\projects\cassandra\test\unit\org\apache\cassandra\cql3\NodeLocalConsistencyTest.java,
cassandra,C:\Users\ismak\Documents\GitHub\relation_test_code_smell_ML\dataset\projects\cassandra\test\unit\org\apache\cassandra\cql3\NonNativeTimestampTest.java,
cassandra,C:\Users\ismak\Documents\GitHub\relation_test_code_smell_ML\dataset\projects\cassandra\test\unit\org\apache\cassandra\cql3\OutOfSpaceTest.java,
cassandra,C:\Users\ismak\Documents\GitHub\relation_test_code_smell_ML\dataset\projects\cassandra\test\unit\org\apache\cassandra\cql3\PagingQueryTest.java,
cassandra,C:\Users\ismak\Documents\GitHub\relation_test_code_smell_ML\dataset\projects\cassandra\test\unit\org\apache\cassandra\cql3\PagingTest.java,
cassandra,C:\Users\ismak\Documents\GitHub\relation_test_code_smell_ML\dataset\projects\cassandra\test\unit\org\apache\cassandra\cql3\PasswordObfuscatorTest.java,
cassandra,C:\Users\ismak\Documents\GitHub\relation_test_code_smell_ML\dataset\projects\cassandra\test\unit\org\apache\cassandra\cql3\PreparedStatementsTest.java,
cassandra,C:\Users\ismak\Documents\GitHub\relation_test_code_smell_ML\dataset\projects\cassandra\test\unit\org\apache\cassandra\cql3\PstmtPersistenceTest.java,
cassandra,C:\Users\ismak\Documents\GitHub\relation_test_code_smell_ML\dataset\projects\cassandra\test\unit\org\apache\cassandra\cql3\QueryEventsTest.java,
cassandra,C:\Users\ismak\Documents\GitHub\relation_test_code_smell_ML\dataset\projects\cassandra\test\unit\org\apache\cassandra\cql3\QueryOptionsFlagsTest.java,
cassandra,C:\Users\ismak\Documents\GitHub\relation_test_code_smell_ML\dataset\projects\cassandra\test\unit\org\apache\cassandra\cql3\QueryWithIndexedSSTableTest.java,
cassandra,C:\Users\ismak\Documents\GitHub\relation_test_code_smell_ML\dataset\projects\cassandra\test\unit\org\apache\cassandra\cql3\RandomSchemaTest.java,
cassandra,C:\Users\ismak\Documents\GitHub\relation_test_code_smell_ML\dataset\projects\cassandra\test\unit\org\apache\cassandra\cql3\RangeTombstoneBoundaryTest.java,
cassandra,C:\Users\ismak\Documents\GitHub\relation_test_code_smell_ML\dataset\projects\cassandra\test\unit\org\apache\cassandra\cql3\RelationTest.java,
cassandra,C:\Users\ismak\Documents\GitHub\relation_test_code_smell_ML\dataset\projects\cassandra\test\unit\org\apache\cassandra\cql3\ReservedKeywordsTest.java,
cassandra,C:\Users\ismak\Documents\GitHub\relation_test_code_smell_ML\dataset\projects\cassandra\test\unit\org\apache\cassandra\cql3\restrictions\ClusteringColumnRestrictionsTest.java,
cassandra,C:\Users\ismak\Documents\GitHub\relation_test_code_smell_ML\dataset\projects\cassandra\test\unit\org\apache\cassandra\cql3\restrictions\ClusteringElementsTest.java,
cassandra,C:\Users\ismak\Documents\GitHub\relation_test_code_smell_ML\dataset\projects\cassandra\test\unit\org\apache\cassandra\cql3\SecondaryIndexSSTableExportTest.java,
cassandra,C:\Users\ismak\Documents\GitHub\relation_test_code_smell_ML\dataset\projects\cassandra\test\unit\org\apache\cassandra\cql3\selection\SelectionColumnMappingTest.java,
cassandra,C:\Users\ismak\Documents\GitHub\relation_test_code_smell_ML\dataset\projects\cassandra\test\unit\org\apache\cassandra\cql3\selection\SelectorSerializationTest.java,
cassandra,C:\Users\ismak\Documents\GitHub\relation_test_code_smell_ML\dataset\projects\cassandra\test\unit\org\apache\cassandra\cql3\selection\TermSelectionTest.java,
cassandra,C:\Users\ismak\Documents\GitHub\relation_test_code_smell_ML\dataset\projects\cassandra\test\unit\org\apache\cassandra\cql3\SerializationMirrorTest.java,
cassandra,C:\Users\ismak\Documents\GitHub\relation_test_code_smell_ML\dataset\projects\cassandra\test\unit\org\apache\cassandra\cql3\SimpleCASTest.java,
cassandra,C:\Users\ismak\Documents\GitHub\relation_test_code_smell_ML\dataset\projects\cassandra\test\unit\org\apache\cassandra\cql3\SimpleQueryTest.java,
cassandra,C:\Users\ismak\Documents\GitHub\relation_test_code_smell_ML\dataset\projects\cassandra\test\unit\org\apache\cassandra\cql3\statements\AddIdentityStatementTest.java,
cassandra,C:\Users\ismak\Documents\GitHub\relation_test_code_smell_ML\dataset\projects\cassandra\test\unit\org\apache\cassandra\cql3\statements\AlterRoleStatementTest.java,
cassandra,C:\Users\ismak\Documents\GitHub\relation_test_code_smell_ML\dataset\projects\cassandra\test\unit\org\apache\cassandra\cql3\statements\CreateRoleStatementTest.java,
cassandra,C:\Users\ismak\Documents\GitHub\relation_test_code_smell_ML\dataset\projects\cassandra\test\unit\org\apache\cassandra\cql3\statements\CreateUserStatementTest.java,
cassandra,C:\Users\ismak\Documents\GitHub\relation_test_code_smell_ML\dataset\projects\cassandra\test\unit\org\apache\cassandra\cql3\statements\DescribeStatementTest.java,
cassandra,C:\Users\ismak\Documents\GitHub\relation_test_code_smell_ML\dataset\projects\cassandra\test\unit\org\apache\cassandra\cql3\statements\DropIdentityStatementTest.java,
cassandra,C:\Users\ismak\Documents\GitHub\relation_test_code_smell_ML\dataset\projects\cassandra\test\unit\org\apache\cassandra\cql3\statements\ListSuperUsersStatementTest.java,
cassandra,C:\Users\ismak\Documents\GitHub\relation_test_code_smell_ML\dataset\projects\cassandra\test\unit\org\apache\cassandra\cql3\statements\PropertyDefinitionsTest.java,
cassandra,C:\Users\ismak\Documents\GitHub\relation_test_code_smell_ML\dataset\projects\cassandra\test\unit\org\apache\cassandra\cql3\statements\SelectStatementTest.java,
cassandra,C:\Users\ismak\Documents\GitHub\relation_test_code_smell_ML\dataset\projects\cassandra\test\unit\org\apache\cassandra\cql3\statements\TransactionStatementTest.java,
cassandra,C:\Users\ismak\Documents\GitHub\relation_test_code_smell_ML\dataset\projects\cassandra\test\unit\org\apache\cassandra\cql3\statements\TxnDataNameTest.java,
cassandra,C:\Users\ismak\Documents\GitHub\relation_test_code_smell_ML\dataset\projects\cassandra\test\unit\org\apache\cassandra\cql3\StatementSourceTest.java,
cassandra,C:\Users\ismak\Documents\GitHub\relation_test_code_smell_ML\dataset\projects\cassandra\test\unit\org\apache\cassandra\cql3\SystemKeyspaceQueryTest.java,
cassandra,C:\Users\ismak\Documents\GitHub\relation_test_code_smell_ML\dataset\projects\cassandra\test\unit\org\apache\cassandra\cql3\SystemKeyspaceTablesNamesTest.java,
cassandra,C:\Users\ismak\Documents\GitHub\relation_test_code_smell_ML\dataset\projects\cassandra\test\unit\org\apache\cassandra\cql3\terms\ListsTest.java,
cassandra,C:\Users\ismak\Documents\GitHub\relation_test_code_smell_ML\dataset\projects\cassandra\test\unit\org\apache\cassandra\cql3\TombstonesWithIndexedSSTableTest.java,
cassandra,C:\Users\ismak\Documents\GitHub\relation_test_code_smell_ML\dataset\projects\cassandra\test\unit\org\apache\cassandra\cql3\TraceCqlTest.java,
cassandra,C:\Users\ismak\Documents\GitHub\relation_test_code_smell_ML\dataset\projects\cassandra\test\unit\org\apache\cassandra\cql3\UntypedResultSetTest.java,
cassandra,C:\Users\ismak\Documents\GitHub\relation_test_code_smell_ML\dataset\projects\cassandra\test\unit\org\apache\cassandra\cql3\validation\entities\CollectionsTest.java,
cassandra,C:\Users\ismak\Documents\GitHub\relation_test_code_smell_ML\dataset\projects\cassandra\test\unit\org\apache\cassandra\cql3\validation\entities\CountersTest.java,
cassandra,C:\Users\ismak\Documents\GitHub\relation_test_code_smell_ML\dataset\projects\cassandra\test\unit\org\apache\cassandra\cql3\validation\entities\DateTypeTest.java,
cassandra,C:\Users\ismak\Documents\GitHub\relation_test_code_smell_ML\dataset\projects\cassandra\test\unit\org\apache\cassandra\cql3\validation\entities\FrozenCollectionsTest.java,
cassandra,C:\Users\ismak\Documents\GitHub\relation_test_code_smell_ML\dataset\projects\cassandra\test\unit\org\apache\cassandra\cql3\validation\entities\JsonTest.java,
cassandra,C:\Users\ismak\Documents\GitHub\relation_test_code_smell_ML\dataset\projects\cassandra\test\unit\org\apache\cassandra\cql3\validation\entities\SecondaryIndexOnMapEntriesTest.java,
cassandra,C:\Users\ismak\Documents\GitHub\relation_test_code_smell_ML\dataset\projects\cassandra\test\unit\org\apache\cassandra\cql3\validation\entities\SecondaryIndexOnStaticColumnTest.java,
cassandra,C:\Users\ismak\Documents\GitHub\relation_test_code_smell_ML\dataset\projects\cassandra\test\unit\org\apache\cassandra\cql3\validation\entities\SecondaryIndexTest.java,
cassandra,C:\Users\ismak\Documents\GitHub\relation_test_code_smell_ML\dataset\projects\cassandra\test\unit\org\apache\cassandra\cql3\validation\entities\StaticColumnsTest.java,
cassandra,C:\Users\ismak\Documents\GitHub\relation_test_code_smell_ML\dataset\projects\cassandra\test\unit\org\apache\cassandra\cql3\validation\entities\TimestampTest.java,
cassandra,C:\Users\ismak\Documents\GitHub\relation_test_code_smell_ML\dataset\projects\cassandra\test\unit\org\apache\cassandra\cql3\validation\entities\TimeuuidTest.java,
cassandra,C:\Users\ismak\Documents\GitHub\relation_test_code_smell_ML\dataset\projects\cassandra\test\unit\org\apache\cassandra\cql3\validation\entities\TupleTypeTest.java,
cassandra,C:\Users\ismak\Documents\GitHub\relation_test_code_smell_ML\dataset\projects\cassandra\test\unit\org\apache\cassandra\cql3\validation\entities\TypeTest.java,
cassandra,C:\Users\ismak\Documents\GitHub\relation_test_code_smell_ML\dataset\projects\cassandra\test\unit\org\apache\cassandra\cql3\validation\entities\UFAuthTest.java,
cassandra,C:\Users\ismak\Documents\GitHub\relation_test_code_smell_ML\dataset\projects\cassandra\test\unit\org\apache\cassandra\cql3\validation\entities\UFIdentificationTest.java,
cassandra,C:\Users\ismak\Documents\GitHub\relation_test_code_smell_ML\dataset\projects\cassandra\test\unit\org\apache\cassandra\cql3\validation\entities\UFJavaTest.java,
cassandra,C:\Users\ismak\Documents\GitHub\relation_test_code_smell_ML\dataset\projects\cassandra\test\unit\org\apache\cassandra\cql3\validation\entities\UFSecurityTest.java,
cassandra,C:\Users\ismak\Documents\GitHub\relation_test_code_smell_ML\dataset\projects\cassandra\test\unit\org\apache\cassandra\cql3\validation\entities\UFTest.java,
cassandra,C:\Users\ismak\Documents\GitHub\relation_test_code_smell_ML\dataset\projects\cassandra\test\unit\org\apache\cassandra\cql3\validation\entities\UFTypesTest.java,
cassandra,C:\Users\ismak\Documents\GitHub\relation_test_code_smell_ML\dataset\projects\cassandra\test\unit\org\apache\cassandra\cql3\validation\entities\UFVerifierTest.java,
cassandra,C:\Users\ismak\Documents\GitHub\relation_test_code_smell_ML\dataset\projects\cassandra\test\unit\org\apache\cassandra\cql3\validation\entities\UserTypesTest.java,
cassandra,C:\Users\ismak\Documents\GitHub\relation_test_code_smell_ML\dataset\projects\cassandra\test\unit\org\apache\cassandra\cql3\validation\entities\VectorsTest.java,
cassandra,C:\Users\ismak\Documents\GitHub\relation_test_code_smell_ML\dataset\projects\cassandra\test\unit\org\apache\cassandra\cql3\validation\entities\VirtualTableTest.java,
cassandra,C:\Users\ismak\Documents\GitHub\relation_test_code_smell_ML\dataset\projects\cassandra\test\unit\org\apache\cassandra\cql3\validation\entities\WritetimeOrTTLTest.java,
cassandra,C:\Users\ismak\Documents\GitHub\relation_test_code_smell_ML\dataset\projects\cassandra\test\unit\org\apache\cassandra\cql3\validation\miscellaneous\CommentAndSecurityLabelTest.java,
cassandra,C:\Users\ismak\Documents\GitHub\relation_test_code_smell_ML\dataset\projects\cassandra\test\unit\org\apache\cassandra\cql3\validation\miscellaneous\CrcCheckChanceTest.java,
cassandra,C:\Users\ismak\Documents\GitHub\relation_test_code_smell_ML\dataset\projects\cassandra\test\unit\org\apache\cassandra\cql3\validation\miscellaneous\OverflowTest.java,
cassandra,C:\Users\ismak\Documents\GitHub\relation_test_code_smell_ML\dataset\projects\cassandra\test\unit\org\apache\cassandra\cql3\validation\miscellaneous\PgStringTest.java,
cassandra,C:\Users\ismak\Documents\GitHub\relation_test_code_smell_ML\dataset\projects\cassandra\test\unit\org\apache\cassandra\cql3\validation\miscellaneous\PreparedStatementTest.java,
cassandra,C:\Users\ismak\Documents\GitHub\relation_test_code_smell_ML\dataset\projects\cassandra\test\unit\org\apache\cassandra\cql3\validation\miscellaneous\RoleSyntaxTest.java,
cassandra,C:\Users\ismak\Documents\GitHub\relation_test_code_smell_ML\dataset\projects\cassandra\test\unit\org\apache\cassandra\cql3\validation\miscellaneous\SSTableMetadataTrackingTest.java,
cassandra,C:\Users\ismak\Documents\GitHub\relation_test_code_smell_ML\dataset\projects\cassandra\test\unit\org\apache\cassandra\cql3\validation\miscellaneous\SSTablesIteratedTest.java,
cassandra,C:\Users\ismak\Documents\GitHub\relation_test_code_smell_ML\dataset\projects\cassandra\test\unit\org\apache\cassandra\cql3\validation\miscellaneous\TombstonesTest.java,
cassandra,C:\Users\ismak\Documents\GitHub\relation_test_code_smell_ML\dataset\projects\cassandra\test\unit\org\apache\cassandra\cql3\validation\operations\AggregationTest.java,
cassandra,C:\Users\ismak\Documents\GitHub\relation_test_code_smell_ML\dataset\projects\cassandra\test\unit\org\apache\cassandra\cql3\validation\operations\AlterNTSTest.java,
cassandra,C:\Users\ismak\Documents\GitHub\relation_test_code_smell_ML\dataset\projects\cassandra\test\unit\org\apache\cassandra\cql3\validation\operations\AlterTest.java,
cassandra,C:\Users\ismak\Documents\GitHub\relation_test_code_smell_ML\dataset\projects\cassandra\test\unit\org\apache\cassandra\cql3\validation\operations\AutoSnapshotTest.java,
cassandra,C:\Users\ismak\Documents\GitHub\relation_test_code_smell_ML\dataset\projects\cassandra\test\unit\org\apache\cassandra\cql3\validation\operations\BatchTest.java,
cassandra,C:\Users\ismak\Documents\GitHub\relation_test_code_smell_ML\dataset\projects\cassandra\test\unit\org\apache\cassandra\cql3\validation\operations\CompactStorageSplit1Test.java,
cassandra,C:\Users\ismak\Documents\GitHub\relation_test_code_smell_ML\dataset\projects\cassandra\test\unit\org\apache\cassandra\cql3\validation\operations\CompactStorageSplit2Test.java,
cassandra,C:\Users\ismak\Documents\GitHub\relation_test_code_smell_ML\dataset\projects\cassandra\test\unit\org\apache\cassandra\cql3\validation\operations\CompactTableTest.java,
cassandra,C:\Users\ismak\Documents\GitHub\relation_test_code_smell_ML\dataset\projects\cassandra\test\unit\org\apache\cassandra\cql3\validation\operations\CQLVectorTest.java,
cassandra,C:\Users\ismak\Documents\GitHub\relation_test_code_smell_ML\dataset\projects\cassandra\test\unit\org\apache\cassandra\cql3\validation\operations\CreateTest.java,
cassandra,C:\Users\ismak\Documents\GitHub\relation_test_code_smell_ML\dataset\projects\cassandra\test\unit\org\apache\cassandra\cql3\validation\operations\DeleteTest.java,
cassandra,C:\Users\ismak\Documents\GitHub\relation_test_code_smell_ML\dataset\projects\cassandra\test\unit\org\apache\cassandra\cql3\validation\operations\DropRecreateAndRestoreTest.java,
cassandra,C:\Users\ismak\Documents\GitHub\relation_test_code_smell_ML\dataset\projects\cassandra\test\unit\org\apache\cassandra\cql3\validation\operations\DropTest.java,
cassandra,C:\Users\ismak\Documents\GitHub\relation_test_code_smell_ML\dataset\projects\cassandra\test\unit\org\apache\cassandra\cql3\validation\operations\InsertInvalidateSizedRecordsTest.java,
cassandra,C:\Users\ismak\Documents\GitHub\relation_test_code_smell_ML\dataset\projects\cassandra\test\unit\org\apache\cassandra\cql3\validation\operations\InsertTest.java,
cassandra,C:\Users\ismak\Documents\GitHub\relation_test_code_smell_ML\dataset\projects\cassandra\test\unit\org\apache\cassandra\cql3\validation\operations\InsertUpdateIfConditionCollectionsTest.java,
cassandra,C:\Users\ismak\Documents\GitHub\relation_test_code_smell_ML\dataset\projects\cassandra\test\unit\org\apache\cassandra\cql3\validation\operations\InsertUpdateIfConditionStaticsTest.java,
cassandra,C:\Users\ismak\Documents\GitHub\relation_test_code_smell_ML\dataset\projects\cassandra\test\unit\org\apache\cassandra\cql3\validation\operations\InsertUpdateIfConditionTest.java,
cassandra,C:\Users\ismak\Documents\GitHub\relation_test_code_smell_ML\dataset\projects\cassandra\test\unit\org\apache\cassandra\cql3\validation\operations\SelectGroupByTest.java,
cassandra,C:\Users\ismak\Documents\GitHub\relation_test_code_smell_ML\dataset\projects\cassandra\test\unit\org\apache\cassandra\cql3\validation\operations\SelectLimitTest.java,
cassandra,C:\Users\ismak\Documents\GitHub\relation_test_code_smell_ML\dataset\projects\cassandra\test\unit\org\apache\cassandra\cql3\validation\operations\SelectMultiColumnRelationTest.java,
cassandra,C:\Users\ismak\Documents\GitHub\relation_test_code_smell_ML\dataset\projects\cassandra\test\unit\org\apache\cassandra\cql3\validation\operations\SelectOrderByTest.java,
cassandra,C:\Users\ismak\Documents\GitHub\relation_test_code_smell_ML\dataset\projects\cassandra\test\unit\org\apache\cassandra\cql3\validation\operations\SelectOrderedPartitionerTest.java,
cassandra,C:\Users\ismak\Documents\GitHub\relation_test_code_smell_ML\dataset\projects\cassandra\test\unit\org\apache\cassandra\cql3\validation\operations\SelectSingleColumnRelationTest.java,
cassandra,C:\Users\ismak\Documents\GitHub\relation_test_code_smell_ML\dataset\projects\cassandra\test\unit\org\apache\cassandra\cql3\validation\operations\SelectTest.java,
cassandra,C:\Users\ismak\Documents\GitHub\relation_test_code_smell_ML\dataset\projects\cassandra\test\unit\org\apache\cassandra\cql3\validation\operations\TruncateTest.java,
cassandra,C:\Users\ismak\Documents\GitHub\relation_test_code_smell_ML\dataset\projects\cassandra\test\unit\org\apache\cassandra\cql3\validation\operations\TTLTest.java,
cassandra,C:\Users\ismak\Documents\GitHub\relation_test_code_smell_ML\dataset\projects\cassandra\test\unit\org\apache\cassandra\cql3\validation\operations\TuplesWithNullsComparisonTest.java,
cassandra,C:\Users\ismak\Documents\GitHub\relation_test_code_smell_ML\dataset\projects\cassandra\test\unit\org\apache\cassandra\cql3\validation\operations\UpdateTest.java,
cassandra,C:\Users\ismak\Documents\GitHub\relation_test_code_smell_ML\dataset\projects\cassandra\test\unit\org\apache\cassandra\cql3\validation\operations\UseTest.java,
cassandra,C:\Users\ismak\Documents\GitHub\relation_test_code_smell_ML\dataset\projects\cassandra\test\unit\org\apache\cassandra\cql3\ViewAbstractParameterizedTest.java,
cassandra,C:\Users\ismak\Documents\GitHub\relation_test_code_smell_ML\dataset\projects\cassandra\test\unit\org\apache\cassandra\cql3\ViewAbstractTest.java,
cassandra,C:\Users\ismak\Documents\GitHub\relation_test_code_smell_ML\dataset\projects\cassandra\test\unit\org\apache\cassandra\cql3\ViewCompactionTest.java,
cassandra,C:\Users\ismak\Documents\GitHub\relation_test_code_smell_ML\dataset\projects\cassandra\test\unit\org\apache\cassandra\cql3\ViewComplexDeletionsPartialTest.java,
cassandra,C:\Users\ismak\Documents\GitHub\relation_test_code_smell_ML\dataset\projects\cassandra\test\unit\org\apache\cassandra\cql3\ViewComplexDeletionsTest.java,
cassandra,C:\Users\ismak\Documents\GitHub\relation_test_code_smell_ML\dataset\projects\cassandra\test\unit\org\apache\cassandra\cql3\ViewComplexLivenessLimitTest.java,
cassandra,C:\Users\ismak\Documents\GitHub\relation_test_code_smell_ML\dataset\projects\cassandra\test\unit\org\apache\cassandra\cql3\ViewComplexLivenessTest.java,
cassandra,C:\Users\ismak\Documents\GitHub\relation_test_code_smell_ML\dataset\projects\cassandra\test\unit\org\apache\cassandra\cql3\ViewComplexTest.java,
cassandra,C:\Users\ismak\Documents\GitHub\relation_test_code_smell_ML\dataset\projects\cassandra\test\unit\org\apache\cassandra\cql3\ViewComplexTombstoneTest.java,
cassandra,C:\Users\ismak\Documents\GitHub\relation_test_code_smell_ML\dataset\projects\cassandra\test\unit\org\apache\cassandra\cql3\ViewComplexTTLTest.java,
cassandra,C:\Users\ismak\Documents\GitHub\relation_test_code_smell_ML\dataset\projects\cassandra\test\unit\org\apache\cassandra\cql3\ViewComplexUpdatesTest.java,
cassandra,C:\Users\ismak\Documents\GitHub\relation_test_code_smell_ML\dataset\projects\cassandra\test\unit\org\apache\cassandra\cql3\ViewFiltering1Test.java,
cassandra,C:\Users\ismak\Documents\GitHub\relation_test_code_smell_ML\dataset\projects\cassandra\test\unit\org\apache\cassandra\cql3\ViewFiltering2Test.java,
cassandra,C:\Users\ismak\Documents\GitHub\relation_test_code_smell_ML\dataset\projects\cassandra\test\unit\org\apache\cassandra\cql3\ViewFilteringClustering1Test.java,
cassandra,C:\Users\ismak\Documents\GitHub\relation_test_code_smell_ML\dataset\projects\cassandra\test\unit\org\apache\cassandra\cql3\ViewFilteringClustering2Test.java,
cassandra,C:\Users\ismak\Documents\GitHub\relation_test_code_smell_ML\dataset\projects\cassandra\test\unit\org\apache\cassandra\cql3\ViewFilteringComplexPKTest.java,
cassandra,C:\Users\ismak\Documents\GitHub\relation_test_code_smell_ML\dataset\projects\cassandra\test\unit\org\apache\cassandra\cql3\ViewFilteringSimplePKTest.java,
cassandra,C:\Users\ismak\Documents\GitHub\relation_test_code_smell_ML\dataset\projects\cassandra\test\unit\org\apache\cassandra\cql3\ViewPKTest.java,
cassandra,C:\Users\ismak\Documents\GitHub\relation_test_code_smell_ML\dataset\projects\cassandra\test\unit\org\apache\cassandra\cql3\ViewRangesTest.java,
cassandra,C:\Users\ismak\Documents\GitHub\relation_test_code_smell_ML\dataset\projects\cassandra\test\unit\org\apache\cassandra\cql3\ViewSchemaTest.java,
cassandra,C:\Users\ismak\Documents\GitHub\relation_test_code_smell_ML\dataset\projects\cassandra\test\unit\org\apache\cassandra\cql3\ViewTest.java,
cassandra,C:\Users\ismak\Documents\GitHub\relation_test_code_smell_ML\dataset\projects\cassandra\test\unit\org\apache\cassandra\cql3\ViewTimesTest.java,
cassandra,C:\Users\ismak\Documents\GitHub\relation_test_code_smell_ML\dataset\projects\cassandra\test\unit\org\apache\cassandra\db\AbstractReadQueryToCQLStringTest.java,
cassandra,C:\Users\ismak\Documents\GitHub\relation_test_code_smell_ML\dataset\projects\cassandra\test\unit\org\apache\cassandra\db\aggregation\GroupMakerTest.java,
cassandra,C:\Users\ismak\Documents\GitHub\relation_test_code_smell_ML\dataset\projects\cassandra\test\unit\org\apache\cassandra\db\CellSpecTest.java,
cassandra,C:\Users\ismak\Documents\GitHub\relation_test_code_smell_ML\dataset\projects\cassandra\test\unit\org\apache\cassandra\db\CellTest.java,
cassandra,C:\Users\ismak\Documents\GitHub\relation_test_code_smell_ML\dataset\projects\cassandra\test\unit\org\apache\cassandra\db\CleanupTest.java,
cassandra,C:\Users\ismak\Documents\GitHub\relation_test_code_smell_ML\dataset\projects\cassandra\test\unit\org\apache\cassandra\db\CleanupTransientTest.java,
cassandra,C:\Users\ismak\Documents\GitHub\relation_test_code_smell_ML\dataset\projects\cassandra\test\unit\org\apache\cassandra\db\ClusteringComparatorTest.java,
cassandra,C:\Users\ismak\Documents\GitHub\relation_test_code_smell_ML\dataset\projects\cassandra\test\unit\org\apache\cassandra\db\ClusteringHeapSizeTest.java,
cassandra,C:\Users\ismak\Documents\GitHub\relation_test_code_smell_ML\dataset\projects\cassandra\test\unit\org\apache\cassandra\db\ClusteringPrefixTest.java,
cassandra,C:\Users\ismak\Documents\GitHub\relation_test_code_smell_ML\dataset\projects\cassandra\test\unit\org\apache\cassandra\db\ColumnFamilyMetricTest.java,
cassandra,C:\Users\ismak\Documents\GitHub\relation_test_code_smell_ML\dataset\projects\cassandra\test\unit\org\apache\cassandra\db\ColumnFamilyStoreClientModeTest.java,
cassandra,C:\Users\ismak\Documents\GitHub\relation_test_code_smell_ML\dataset\projects\cassandra\test\unit\org\apache\cassandra\db\ColumnFamilyStoreMBeanTest.java,
cassandra,C:\Users\ismak\Documents\GitHub\relation_test_code_smell_ML\dataset\projects\cassandra\test\unit\org\apache\cassandra\db\ColumnFamilyStoreTest.java,
cassandra,C:\Users\ismak\Documents\GitHub\relation_test_code_smell_ML\dataset\projects\cassandra\test\unit\org\apache\cassandra\db\columniterator\SSTableReverseIteratorTest.java,
cassandra,C:\Users\ismak\Documents\GitHub\relation_test_code_smell_ML\dataset\projects\cassandra\test\unit\org\apache\cassandra\db\ColumnsTest.java,
cassandra,C:\Users\ismak\Documents\GitHub\relation_test_code_smell_ML\dataset\projects\cassandra\test\unit\org\apache\cassandra\db\commitlog\AbstractCommitLogServiceTest.java,
cassandra,C:\Users\ismak\Documents\GitHub\relation_test_code_smell_ML\dataset\projects\cassandra\test\unit\org\apache\cassandra\db\commitlog\BatchCommitLogTest.java,
cassandra,C:\Users\ismak\Documents\GitHub\relation_test_code_smell_ML\dataset\projects\cassandra\test\unit\org\apache\cassandra\db\commitlog\CommitLogArchiverTest.java,
cassandra,C:\Users\ismak\Documents\GitHub\relation_test_code_smell_ML\dataset\projects\cassandra\test\unit\org\apache\cassandra\db\commitlog\CommitLogChainedMarkersTest.java,
cassandra,C:\Users\ismak\Documents\GitHub\relation_test_code_smell_ML\dataset\projects\cassandra\test\unit\org\apache\cassandra\db\commitlog\CommitLogCQLTest.java,
cassandra,C:\Users\ismak\Documents\GitHub\relation_test_code_smell_ML\dataset\projects\cassandra\test\unit\org\apache\cassandra\db\commitlog\CommitLogDescriptorTest.java,
cassandra,C:\Users\ismak\Documents\GitHub\relation_test_code_smell_ML\dataset\projects\cassandra\test\unit\org\apache\cassandra\db\commitlog\CommitLogFailurePolicyTest.java,
cassandra,C:\Users\ismak\Documents\GitHub\relation_test_code_smell_ML\dataset\projects\cassandra\test\unit\org\apache\cassandra\db\commitlog\CommitLogInitWithExceptionTest.java,
cassandra,C:\Users\ismak\Documents\GitHub\relation_test_code_smell_ML\dataset\projects\cassandra\test\unit\org\apache\cassandra\db\commitlog\CommitLogReaderTest.java,
cassandra,C:\Users\ismak\Documents\GitHub\relation_test_code_smell_ML\dataset\projects\cassandra\test\unit\org\apache\cassandra\db\commitlog\CommitLogSegmentBackpressureTest.java,
cassandra,C:\Users\ismak\Documents\GitHub\relation_test_code_smell_ML\dataset\projects\cassandra\test\unit\org\apache\cassandra\db\commitlog\CommitLogSegmentManagerCDCTest.java,
cassandra,C:\Users\ismak\Documents\GitHub\relation_test_code_smell_ML\dataset\projects\cassandra\test\unit\org\apache\cassandra\db\commitlog\CommitlogShutdownTest.java,
cassandra,C:\Users\ismak\Documents\GitHub\relation_test_code_smell_ML\dataset\projects\cassandra\test\unit\org\apache\cassandra\db\commitlog\CommitLogTest.java,
cassandra,C:\Users\ismak\Documents\GitHub\relation_test_code_smell_ML\dataset\projects\cassandra\test\unit\org\apache\cassandra\db\commitlog\CommitLogUpgradeTest.java,
cassandra,C:\Users\ismak\Documents\GitHub\relation_test_code_smell_ML\dataset\projects\cassandra\test\unit\org\apache\cassandra\db\commitlog\DirectIOSegmentBytemanTest.java,
cassandra,C:\Users\ismak\Documents\GitHub\relation_test_code_smell_ML\dataset\projects\cassandra\test\unit\org\apache\cassandra\db\commitlog\DirectIOSegmentTest.java,
cassandra,C:\Users\ismak\Documents\GitHub\relation_test_code_smell_ML\dataset\projects\cassandra\test\unit\org\apache\cassandra\db\commitlog\GroupCommitLogTest.java,
cassandra,C:\Users\ismak\Documents\GitHub\relation_test_code_smell_ML\dataset\projects\cassandra\test\unit\org\apache\cassandra\db\commitlog\SegmentReaderTest.java,
cassandra,C:\Users\ismak\Documents\GitHub\relation_test_code_smell_ML\dataset\projects\cassandra\test\unit\org\apache\cassandra\db\compaction\AbstractCompactionStrategyTest.java,
cassandra,C:\Users\ismak\Documents\GitHub\relation_test_code_smell_ML\dataset\projects\cassandra\test\unit\org\apache\cassandra\db\compaction\AbstractPendingRepairTest.java,
cassandra,C:\Users\ismak\Documents\GitHub\relation_test_code_smell_ML\dataset\projects\cassandra\test\unit\org\apache\cassandra\db\compaction\ActiveCompactionsTest.java,
cassandra,C:\Users\ismak\Documents\GitHub\relation_test_code_smell_ML\dataset\projects\cassandra\test\unit\org\apache\cassandra\db\compaction\AntiCompactionBytemanTest.java,
cassandra,C:\Users\ismak\Documents\GitHub\relation_test_code_smell_ML\dataset\projects\cassandra\test\unit\org\apache\cassandra\db\compaction\AntiCompactionTest.java,
cassandra,C:\Users\ismak\Documents\GitHub\relation_test_code_smell_ML\dataset\projects\cassandra\test\unit\org\apache\cassandra\db\compaction\CancelCompactionsTest.java,
cassandra,C:\Users\ismak\Documents\GitHub\relation_test_code_smell_ML\dataset\projects\cassandra\test\unit\org\apache\cassandra\db\compaction\CompactionAccordIteratorsTest.java,
cassandra,C:\Users\ismak\Documents\GitHub\relation_test_code_smell_ML\dataset\projects\cassandra\test\unit\org\apache\cassandra\db\compaction\CompactionControllerTest.java,
cassandra,C:\Users\ismak\Documents\GitHub\relation_test_code_smell_ML\dataset\projects\cassandra\test\unit\org\apache\cassandra\db\compaction\CompactionExecutorTest.java,
cassandra,C:\Users\ismak\Documents\GitHub\relation_test_code_smell_ML\dataset\projects\cassandra\test\unit\org\apache\cassandra\db\compaction\CompactionGarbageCollectOnlyPurgeRepairedTest.java,
cassandra,C:\Users\ismak\Documents\GitHub\relation_test_code_smell_ML\dataset\projects\cassandra\test\unit\org\apache\cassandra\db\compaction\CompactionInfoTest.java,
cassandra,C:\Users\ismak\Documents\GitHub\relation_test_code_smell_ML\dataset\projects\cassandra\test\unit\org\apache\cassandra\db\compaction\CompactionIteratorTest.java,
cassandra,C:\Users\ismak\Documents\GitHub\relation_test_code_smell_ML\dataset\projects\cassandra\test\unit\org\apache\cassandra\db\compaction\CompactionsBytemanTest.java,
cassandra,C:\Users\ismak\Documents\GitHub\relation_test_code_smell_ML\dataset\projects\cassandra\test\unit\org\apache\cassandra\db\compaction\CompactionsCQLTest.java,
cassandra,C:\Users\ismak\Documents\GitHub\relation_test_code_smell_ML\dataset\projects\cassandra\test\unit\org\apache\cassandra\db\compaction\CompactionsPurgeTest.java,
cassandra,C:\Users\ismak\Documents\GitHub\relation_test_code_smell_ML\dataset\projects\cassandra\test\unit\org\apache\cassandra\db\compaction\CompactionsTest.java,
cassandra,C:\Users\ismak\Documents\GitHub\relation_test_code_smell_ML\dataset\projects\cassandra\test\unit\org\apache\cassandra\db\compaction\CompactionStrategyManagerBoundaryReloadTest.java,
cassandra,C:\Users\ismak\Documents\GitHub\relation_test_code_smell_ML\dataset\projects\cassandra\test\unit\org\apache\cassandra\db\compaction\CompactionStrategyManagerPendingRepairTest.java,
cassandra,C:\Users\ismak\Documents\GitHub\relation_test_code_smell_ML\dataset\projects\cassandra\test\unit\org\apache\cassandra\db\compaction\CompactionStrategyManagerTest.java,
cassandra,C:\Users\ismak\Documents\GitHub\relation_test_code_smell_ML\dataset\projects\cassandra\test\unit\org\apache\cassandra\db\compaction\CompactionTaskTest.java,
cassandra,C:\Users\ismak\Documents\GitHub\relation_test_code_smell_ML\dataset\projects\cassandra\test\unit\org\apache\cassandra\db\compaction\CorruptedSSTablesCompactionsTest.java,
cassandra,C:\Users\ismak\Documents\GitHub\relation_test_code_smell_ML\dataset\projects\cassandra\test\unit\org\apache\cassandra\db\compaction\LeveledCompactionStrategyTest.java,
cassandra,C:\Users\ismak\Documents\GitHub\relation_test_code_smell_ML\dataset\projects\cassandra\test\unit\org\apache\cassandra\db\compaction\LeveledGenerationsTest.java,
cassandra,C:\Users\ismak\Documents\GitHub\relation_test_code_smell_ML\dataset\projects\cassandra\test\unit\org\apache\cassandra\db\compaction\NeverPurgeTest.java,
cassandra,C:\Users\ismak\Documents\GitHub\relation_test_code_smell_ML\dataset\projects\cassandra\test\unit\org\apache\cassandra\db\compaction\OneCompactionTest.java,
cassandra,C:\Users\ismak\Documents\GitHub\relation_test_code_smell_ML\dataset\projects\cassandra\test\unit\org\apache\cassandra\db\compaction\PartialCompactionsTest.java,
cassandra,C:\Users\ismak\Documents\GitHub\relation_test_code_smell_ML\dataset\projects\cassandra\test\unit\org\apache\cassandra\db\compaction\PendingRepairManagerTest.java,
cassandra,C:\Users\ismak\Documents\GitHub\relation_test_code_smell_ML\dataset\projects\cassandra\test\unit\org\apache\cassandra\db\compaction\ShardManagerTest.java,
cassandra,C:\Users\ismak\Documents\GitHub\relation_test_code_smell_ML\dataset\projects\cassandra\test\unit\org\apache\cassandra\db\compaction\simple\CompactionColumnDeleteAndPurgeTest.java,
cassandra,C:\Users\ismak\Documents\GitHub\relation_test_code_smell_ML\dataset\projects\cassandra\test\unit\org\apache\cassandra\db\compaction\simple\CompactionColumnTest.java,
cassandra,C:\Users\ismak\Documents\GitHub\relation_test_code_smell_ML\dataset\projects\cassandra\test\unit\org\apache\cassandra\db\compaction\simple\CompactionDeleteAndPurgePKTest.java,
cassandra,C:\Users\ismak\Documents\GitHub\relation_test_code_smell_ML\dataset\projects\cassandra\test\unit\org\apache\cassandra\db\compaction\simple\CompactionDeleteAndPurgeRowTest.java,
cassandra,C:\Users\ismak\Documents\GitHub\relation_test_code_smell_ML\dataset\projects\cassandra\test\unit\org\apache\cassandra\db\compaction\simple\CompactionDeletePKTest.java,
cassandra,C:\Users\ismak\Documents\GitHub\relation_test_code_smell_ML\dataset\projects\cassandra\test\unit\org\apache\cassandra\db\compaction\simple\CompactionDeleteRowRangeTest.java,
cassandra,C:\Users\ismak\Documents\GitHub\relation_test_code_smell_ML\dataset\projects\cassandra\test\unit\org\apache\cassandra\db\compaction\simple\CompactionDeleteRowTest.java,
cassandra,C:\Users\ismak\Documents\GitHub\relation_test_code_smell_ML\dataset\projects\cassandra\test\unit\org\apache\cassandra\db\compaction\simple\CompactionSimpleValueMergeTest.java,
cassandra,C:\Users\ismak\Documents\GitHub\relation_test_code_smell_ML\dataset\projects\cassandra\test\unit\org\apache\cassandra\db\compaction\simple\SimpleCompactionTest.java,
cassandra,C:\Users\ismak\Documents\GitHub\relation_test_code_smell_ML\dataset\projects\cassandra\test\unit\org\apache\cassandra\db\compaction\SingleSSTableLCSTaskTest.java,
cassandra,C:\Users\ismak\Documents\GitHub\relation_test_code_smell_ML\dataset\projects\cassandra\test\unit\org\apache\cassandra\db\compaction\SizeTieredCompactionStrategyTest.java,
cassandra,C:\Users\ismak\Documents\GitHub\relation_test_code_smell_ML\dataset\projects\cassandra\test\unit\org\apache\cassandra\db\compaction\TimeWindowCompactionStrategyTest.java,
cassandra,C:\Users\ismak\Documents\GitHub\relation_test_code_smell_ML\dataset\projects\cassandra\test\unit\org\apache\cassandra\db\compaction\TTLExpiryTest.java,
cassandra,C:\Users\ismak\Documents\GitHub\relation_test_code_smell_ML\dataset\projects\cassandra\test\unit\org\apache\cassandra\db\compaction\unified\BackgroundCompactionTrackingTest.java,
cassandra,C:\Users\ismak\Documents\GitHub\relation_test_code_smell_ML\dataset\projects\cassandra\test\unit\org\apache\cassandra\db\compaction\unified\ControllerTest.java,
cassandra,C:\Users\ismak\Documents\GitHub\relation_test_code_smell_ML\dataset\projects\cassandra\test\unit\org\apache\cassandra\db\compaction\unified\ParallelizedTasksTest.java,
cassandra,C:\Users\ismak\Documents\GitHub\relation_test_code_smell_ML\dataset\projects\cassandra\test\unit\org\apache\cassandra\db\compaction\unified\ShardedCompactionWriterTest.java,
cassandra,C:\Users\ismak\Documents\GitHub\relation_test_code_smell_ML\dataset\projects\cassandra\test\unit\org\apache\cassandra\db\compaction\unified\ShardedMultiWriterTest.java,
cassandra,C:\Users\ismak\Documents\GitHub\relation_test_code_smell_ML\dataset\projects\cassandra\test\unit\org\apache\cassandra\db\compaction\UnifiedCompactionStrategyTest.java,
cassandra,C:\Users\ismak\Documents\GitHub\relation_test_code_smell_ML\dataset\projects\cassandra\test\unit\org\apache\cassandra\db\compaction\ValidationExecutorTest.java,
cassandra,C:\Users\ismak\Documents\GitHub\relation_test_code_smell_ML\dataset\projects\cassandra\test\unit\org\apache\cassandra\db\compaction\writers\CompactionAwareWriterTest.java,
cassandra,C:\Users\ismak\Documents\GitHub\relation_test_code_smell_ML\dataset\projects\cassandra\test\unit\org\apache\cassandra\db\composites\CTypeTest.java,
cassandra,C:\Users\ismak\Documents\GitHub\relation_test_code_smell_ML\dataset\projects\cassandra\test\unit\org\apache\cassandra\db\compression\CompressionDictionaryCacheTest.java,
cassandra,C:\Users\ismak\Documents\GitHub\relation_test_code_smell_ML\dataset\projects\cassandra\test\unit\org\apache\cassandra\db\compression\CompressionDictionaryDataObjectTest.java,
cassandra,C:\Users\ismak\Documents\GitHub\relation_test_code_smell_ML\dataset\projects\cassandra\test\unit\org\apache\cassandra\db\compression\CompressionDictionaryEventHandlerTest.java,
cassandra,C:\Users\ismak\Documents\GitHub\relation_test_code_smell_ML\dataset\projects\cassandra\test\unit\org\apache\cassandra\db\compression\CompressionDictionaryIntegrationTest.java,
cassandra,C:\Users\ismak\Documents\GitHub\relation_test_code_smell_ML\dataset\projects\cassandra\test\unit\org\apache\cassandra\db\compression\CompressionDictionaryManagerMBeanTest.java,
cassandra,C:\Users\ismak\Documents\GitHub\relation_test_code_smell_ML\dataset\projects\cassandra\test\unit\org\apache\cassandra\db\compression\CompressionDictionaryManagerTest.java,
cassandra,C:\Users\ismak\Documents\GitHub\relation_test_code_smell_ML\dataset\projects\cassandra\test\unit\org\apache\cassandra\db\compression\CompressionDictionaryOrphanedTest.java,
cassandra,C:\Users\ismak\Documents\GitHub\relation_test_code_smell_ML\dataset\projects\cassandra\test\unit\org\apache\cassandra\db\compression\CompressionDictionarySchedulerTest.java,
cassandra,C:\Users\ismak\Documents\GitHub\relation_test_code_smell_ML\dataset\projects\cassandra\test\unit\org\apache\cassandra\db\compression\CompressionDictionaryTrainingConfigTest.java,
cassandra,C:\Users\ismak\Documents\GitHub\relation_test_code_smell_ML\dataset\projects\cassandra\test\unit\org\apache\cassandra\db\compression\CompressionDictionaryTrainingFrequencyTest.java,
cassandra,C:\Users\ismak\Documents\GitHub\relation_test_code_smell_ML\dataset\projects\cassandra\test\unit\org\apache\cassandra\db\compression\SSTableChunkSamplerTest.java,
cassandra,C:\Users\ismak\Documents\GitHub\relation_test_code_smell_ML\dataset\projects\cassandra\test\unit\org\apache\cassandra\db\compression\ZstdCompressionDictionaryTest.java,
cassandra,C:\Users\ismak\Documents\GitHub\relation_test_code_smell_ML\dataset\projects\cassandra\test\unit\org\apache\cassandra\db\compression\ZstdDictionaryTrainerTest.java,
cassandra,C:\Users\ismak\Documents\GitHub\relation_test_code_smell_ML\dataset\projects\cassandra\test\unit\org\apache\cassandra\db\context\CounterContextTest.java,
cassandra,C:\Users\ismak\Documents\GitHub\relation_test_code_smell_ML\dataset\projects\cassandra\test\unit\org\apache\cassandra\db\CorruptPrimaryIndexTest.java,
cassandra,C:\Users\ismak\Documents\GitHub\relation_test_code_smell_ML\dataset\projects\cassandra\test\unit\org\apache\cassandra\db\CounterCacheTest.java,
cassandra,C:\Users\ismak\Documents\GitHub\relation_test_code_smell_ML\dataset\projects\cassandra\test\unit\org\apache\cassandra\db\CounterCellTest.java,
cassandra,C:\Users\ismak\Documents\GitHub\relation_test_code_smell_ML\dataset\projects\cassandra\test\unit\org\apache\cassandra\db\CounterMutationTest.java,
cassandra,C:\Users\ismak\Documents\GitHub\relation_test_code_smell_ML\dataset\projects\cassandra\test\unit\org\apache\cassandra\db\CounterMutationVerbHandlerOutOfRangeTest.java,
cassandra,C:\Users\ismak\Documents\GitHub\relation_test_code_smell_ML\dataset\projects\cassandra\test\unit\org\apache\cassandra\db\DeletePartitionTest.java,
cassandra,C:\Users\ismak\Documents\GitHub\relation_test_code_smell_ML\dataset\projects\cassandra\test\unit\org\apache\cassandra\db\DigestTest.java,
cassandra,C:\Users\ismak\Documents\GitHub\relation_test_code_smell_ML\dataset\projects\cassandra\test\unit\org\apache\cassandra\db\DirectoriesTest.java,
cassandra,C:\Users\ismak\Documents\GitHub\relation_test_code_smell_ML\dataset\projects\cassandra\test\unit\org\apache\cassandra\db\DiskBoundaryManagerTest.java,
cassandra,C:\Users\ismak\Documents\GitHub\relation_test_code_smell_ML\dataset\projects\cassandra\test\unit\org\apache\cassandra\db\filter\ColumnFilterTest.java,
cassandra,C:\Users\ismak\Documents\GitHub\relation_test_code_smell_ML\dataset\projects\cassandra\test\unit\org\apache\cassandra\db\filter\IndexHintsTest.java,
cassandra,C:\Users\ismak\Documents\GitHub\relation_test_code_smell_ML\dataset\projects\cassandra\test\unit\org\apache\cassandra\db\filter\RowFilterTest.java,
cassandra,C:\Users\ismak\Documents\GitHub\relation_test_code_smell_ML\dataset\projects\cassandra\test\unit\org\apache\cassandra\db\filter\SliceTest.java,
cassandra,C:\Users\ismak\Documents\GitHub\relation_test_code_smell_ML\dataset\projects\cassandra\test\unit\org\apache\cassandra\db\guardrails\AbstractGenerationalTest.java,
cassandra,C:\Users\ismak\Documents\GitHub\relation_test_code_smell_ML\dataset\projects\cassandra\test\unit\org\apache\cassandra\db\guardrails\CassandraPasswordGeneratorTest.java,
cassandra,C:\Users\ismak\Documents\GitHub\relation_test_code_smell_ML\dataset\projects\cassandra\test\unit\org\apache\cassandra\db\guardrails\CassandraPasswordValidatorTest.java,
cassandra,C:\Users\ismak\Documents\GitHub\relation_test_code_smell_ML\dataset\projects\cassandra\test\unit\org\apache\cassandra\db\guardrails\GenerationalGuardrailsTest.java,
cassandra,C:\Users\ismak\Documents\GitHub\relation_test_code_smell_ML\dataset\projects\cassandra\test\unit\org\apache\cassandra\db\guardrails\GuardrailAllowFilteringTest.java,
cassandra,C:\Users\ismak\Documents\GitHub\relation_test_code_smell_ML\dataset\projects\cassandra\test\unit\org\apache\cassandra\db\guardrails\GuardrailAllowUncompressedTablesTest.java,
cassandra,C:\Users\ismak\Documents\GitHub\relation_test_code_smell_ML\dataset\projects\cassandra\test\unit\org\apache\cassandra\db\guardrails\GuardrailAlterTableTest.java,
cassandra,C:\Users\ismak\Documents\GitHub\relation_test_code_smell_ML\dataset\projects\cassandra\test\unit\org\apache\cassandra\db\guardrails\GuardrailClientDriverVersionTest.java,
cassandra,C:\Users\ismak\Documents\GitHub\relation_test_code_smell_ML\dataset\projects\cassandra\test\unit\org\apache\cassandra\db\guardrails\GuardrailCollectionListSizeTest.java,
cassandra,C:\Users\ismak\Documents\GitHub\relation_test_code_smell_ML\dataset\projects\cassandra\test\unit\org\apache\cassandra\db\guardrails\GuardrailCollectionMapSizeTest.java,
cassandra,C:\Users\ismak\Documents\GitHub\relation_test_code_smell_ML\dataset\projects\cassandra\test\unit\org\apache\cassandra\db\guardrails\GuardrailCollectionSetSizeTest.java,
cassandra,C:\Users\ismak\Documents\GitHub\relation_test_code_smell_ML\dataset\projects\cassandra\test\unit\org\apache\cassandra\db\guardrails\GuardrailCollectionSizeTest.java,
cassandra,C:\Users\ismak\Documents\GitHub\relation_test_code_smell_ML\dataset\projects\cassandra\test\unit\org\apache\cassandra\db\guardrails\GuardrailColumnAsciiValueSizeTest.java,
cassandra,C:\Users\ismak\Documents\GitHub\relation_test_code_smell_ML\dataset\projects\cassandra\test\unit\org\apache\cassandra\db\guardrails\GuardrailColumnBlobValueSizeTest.java,
cassandra,C:\Users\ismak\Documents\GitHub\relation_test_code_smell_ML\dataset\projects\cassandra\test\unit\org\apache\cassandra\db\guardrails\GuardrailColumnsPerTableTest.java,
cassandra,C:\Users\ismak\Documents\GitHub\relation_test_code_smell_ML\dataset\projects\cassandra\test\unit\org\apache\cassandra\db\guardrails\GuardrailColumnTextAndVarcharValueSizeTest.java,
cassandra,C:\Users\ismak\Documents\GitHub\relation_test_code_smell_ML\dataset\projects\cassandra\test\unit\org\apache\cassandra\db\guardrails\GuardrailColumnValueSizeTest.java,
cassandra,C:\Users\ismak\Documents\GitHub\relation_test_code_smell_ML\dataset\projects\cassandra\test\unit\org\apache\cassandra\db\guardrails\GuardrailDiskUsageTest.java,
cassandra,C:\Users\ismak\Documents\GitHub\relation_test_code_smell_ML\dataset\projects\cassandra\test\unit\org\apache\cassandra\db\guardrails\GuardrailDropKeyspaceTest.java,
cassandra,C:\Users\ismak\Documents\GitHub\relation_test_code_smell_ML\dataset\projects\cassandra\test\unit\org\apache\cassandra\db\guardrails\GuardrailDropTruncateTableTest.java,
cassandra,C:\Users\ismak\Documents\GitHub\relation_test_code_smell_ML\dataset\projects\cassandra\test\unit\org\apache\cassandra\db\guardrails\GuardrailFieldsPerUDTTest.java,
cassandra,C:\Users\ismak\Documents\GitHub\relation_test_code_smell_ML\dataset\projects\cassandra\test\unit\org\apache\cassandra\db\guardrails\GuardrailGroupByTest.java,
cassandra,C:\Users\ismak\Documents\GitHub\relation_test_code_smell_ML\dataset\projects\cassandra\test\unit\org\apache\cassandra\db\guardrails\GuardrailInSelectCartesianProductTest.java,
cassandra,C:\Users\ismak\Documents\GitHub\relation_test_code_smell_ML\dataset\projects\cassandra\test\unit\org\apache\cassandra\db\guardrails\GuardrailItemsPerCollectionTest.java,
cassandra,C:\Users\ismak\Documents\GitHub\relation_test_code_smell_ML\dataset\projects\cassandra\test\unit\org\apache\cassandra\db\guardrails\GuardrailKeyspacePropertiesTest.java,
cassandra,C:\Users\ismak\Documents\GitHub\relation_test_code_smell_ML\dataset\projects\cassandra\test\unit\org\apache\cassandra\db\guardrails\GuardrailKeyspacesTest.java,
cassandra,C:\Users\ismak\Documents\GitHub\relation_test_code_smell_ML\dataset\projects\cassandra\test\unit\org\apache\cassandra\db\guardrails\GuardrailMaximumReplicationFactorTest.java,
cassandra,C:\Users\ismak\Documents\GitHub\relation_test_code_smell_ML\dataset\projects\cassandra\test\unit\org\apache\cassandra\db\guardrails\GuardrailMaximumTimestampTest.java,
cassandra,C:\Users\ismak\Documents\GitHub\relation_test_code_smell_ML\dataset\projects\cassandra\test\unit\org\apache\cassandra\db\guardrails\GuardrailMinimumReplicationFactorTest.java,
cassandra,C:\Users\ismak\Documents\GitHub\relation_test_code_smell_ML\dataset\projects\cassandra\test\unit\org\apache\cassandra\db\guardrails\GuardrailMinimumTimestampTest.java,
cassandra,C:\Users\ismak\Documents\GitHub\relation_test_code_smell_ML\dataset\projects\cassandra\test\unit\org\apache\cassandra\db\guardrails\GuardrailNewCompactStorageTest.java,
cassandra,C:\Users\ismak\Documents\GitHub\relation_test_code_smell_ML\dataset\projects\cassandra\test\unit\org\apache\cassandra\db\guardrails\GuardrailPageSizeTest.java,
cassandra,C:\Users\ismak\Documents\GitHub\relation_test_code_smell_ML\dataset\projects\cassandra\test\unit\org\apache\cassandra\db\guardrails\GuardrailPartitionKeysInSelectTest.java,
cassandra,C:\Users\ismak\Documents\GitHub\relation_test_code_smell_ML\dataset\projects\cassandra\test\unit\org\apache\cassandra\db\guardrails\GuardrailPartitionSizeTest.java,
cassandra,C:\Users\ismak\Documents\GitHub\relation_test_code_smell_ML\dataset\projects\cassandra\test\unit\org\apache\cassandra\db\guardrails\GuardrailPartitionTombstonesTest.java,
cassandra,C:\Users\ismak\Documents\GitHub\relation_test_code_smell_ML\dataset\projects\cassandra\test\unit\org\apache\cassandra\db\guardrails\GuardrailPasswordPolicyTest.java,
cassandra,C:\Users\ismak\Documents\GitHub\relation_test_code_smell_ML\dataset\projects\cassandra\test\unit\org\apache\cassandra\db\guardrails\GuardrailReadBeforeWriteListOperationsTest.java,
cassandra,C:\Users\ismak\Documents\GitHub\relation_test_code_smell_ML\dataset\projects\cassandra\test\unit\org\apache\cassandra\db\guardrails\GuardrailReadConsistencyLevelsTest.java,
cassandra,C:\Users\ismak\Documents\GitHub\relation_test_code_smell_ML\dataset\projects\cassandra\test\unit\org\apache\cassandra\db\guardrails\GuardrailRoleNamePolicyTest.java,
cassandra,C:\Users\ismak\Documents\GitHub\relation_test_code_smell_ML\dataset\projects\cassandra\test\unit\org\apache\cassandra\db\guardrails\GuardrailSaiFrozenTermSizeTest.java,
cassandra,C:\Users\ismak\Documents\GitHub\relation_test_code_smell_ML\dataset\projects\cassandra\test\unit\org\apache\cassandra\db\guardrails\GuardrailSaiStringTermSizeTest.java,
cassandra,C:\Users\ismak\Documents\GitHub\relation_test_code_smell_ML\dataset\projects\cassandra\test\unit\org\apache\cassandra\db\guardrails\GuardrailSaiVectorTermSizeTest.java,
cassandra,C:\Users\ismak\Documents\GitHub\relation_test_code_smell_ML\dataset\projects\cassandra\test\unit\org\apache\cassandra\db\guardrails\GuardrailsConfigProviderTest.java,
cassandra,C:\Users\ismak\Documents\GitHub\relation_test_code_smell_ML\dataset\projects\cassandra\test\unit\org\apache\cassandra\db\guardrails\GuardrailSecondaryIndexesPerTableTest.java,
cassandra,C:\Users\ismak\Documents\GitHub\relation_test_code_smell_ML\dataset\projects\cassandra\test\unit\org\apache\cassandra\db\guardrails\GuardrailSecondaryIndexTest.java,
cassandra,C:\Users\ismak\Documents\GitHub\relation_test_code_smell_ML\dataset\projects\cassandra\test\unit\org\apache\cassandra\db\guardrails\GuardrailSimpleStrategyTest.java,
cassandra,C:\Users\ismak\Documents\GitHub\relation_test_code_smell_ML\dataset\projects\cassandra\test\unit\org\apache\cassandra\db\guardrails\GuardrailsTest.java,
cassandra,C:\Users\ismak\Documents\GitHub\relation_test_code_smell_ML\dataset\projects\cassandra\test\unit\org\apache\cassandra\db\guardrails\GuardrailTablePropertiesTest.java,
cassandra,C:\Users\ismak\Documents\GitHub\relation_test_code_smell_ML\dataset\projects\cassandra\test\unit\org\apache\cassandra\db\guardrails\GuardrailTablesTest.java,
cassandra,C:\Users\ismak\Documents\GitHub\relation_test_code_smell_ML\dataset\projects\cassandra\test\unit\org\apache\cassandra\db\guardrails\GuardrailUnsetTrainingMinFrequencyTest.java,
cassandra,C:\Users\ismak\Documents\GitHub\relation_test_code_smell_ML\dataset\projects\cassandra\test\unit\org\apache\cassandra\db\guardrails\GuardrailUserTimestampsTest.java,
cassandra,C:\Users\ismak\Documents\GitHub\relation_test_code_smell_ML\dataset\projects\cassandra\test\unit\org\apache\cassandra\db\guardrails\GuardrailVectorDimensionsTest.java,
cassandra,C:\Users\ismak\Documents\GitHub\relation_test_code_smell_ML\dataset\projects\cassandra\test\unit\org\apache\cassandra\db\guardrails\GuardrailVectorTypeEnabledTest.java,
cassandra,C:\Users\ismak\Documents\GitHub\relation_test_code_smell_ML\dataset\projects\cassandra\test\unit\org\apache\cassandra\db\guardrails\GuardrailViewsPerTableTest.java,
cassandra,C:\Users\ismak\Documents\GitHub\relation_test_code_smell_ML\dataset\projects\cassandra\test\unit\org\apache\cassandra\db\guardrails\GuardrailWriteConsistencyLevelsTest.java,
cassandra,C:\Users\ismak\Documents\GitHub\relation_test_code_smell_ML\dataset\projects\cassandra\test\unit\org\apache\cassandra\db\guardrails\GuardrailZeroDefaultTTLOnTWCSTest.java,
cassandra,C:\Users\ismak\Documents\GitHub\relation_test_code_smell_ML\dataset\projects\cassandra\test\unit\org\apache\cassandra\db\guardrails\MispreparedStatementsTest.java,
cassandra,C:\Users\ismak\Documents\GitHub\relation_test_code_smell_ML\dataset\projects\cassandra\test\unit\org\apache\cassandra\db\guardrails\RoleNameValidatorTest.java,
cassandra,C:\Users\ismak\Documents\GitHub\relation_test_code_smell_ML\dataset\projects\cassandra\test\unit\org\apache\cassandra\db\guardrails\TestRoleNameValidator.java,
cassandra,C:\Users\ismak\Documents\GitHub\relation_test_code_smell_ML\dataset\projects\cassandra\test\unit\org\apache\cassandra\db\guardrails\UUIDRoleNameGeneratorTest.java,
cassandra,C:\Users\ismak\Documents\GitHub\relation_test_code_smell_ML\dataset\projects\cassandra\test\unit\org\apache\cassandra\db\guardrails\ValueGeneratorTest.java,
cassandra,C:\Users\ismak\Documents\GitHub\relation_test_code_smell_ML\dataset\projects\cassandra\test\unit\org\apache\cassandra\db\guardrails\ValueValidatorTest.java,
cassandra,C:\Users\ismak\Documents\GitHub\relation_test_code_smell_ML\dataset\projects\cassandra\test\unit\org\apache\cassandra\db\ImportTest.java,
cassandra,C:\Users\ismak\Documents\GitHub\relation_test_code_smell_ML\dataset\projects\cassandra\test\unit\org\apache\cassandra\db\KeyspaceTest.java,
cassandra,C:\Users\ismak\Documents\GitHub\relation_test_code_smell_ML\dataset\projects\cassandra\test\unit\org\apache\cassandra\db\lifecycle\HelpersTest.java,
cassandra,C:\Users\ismak\Documents\GitHub\relation_test_code_smell_ML\dataset\projects\cassandra\test\unit\org\apache\cassandra\db\lifecycle\LifecycleTransactionTest.java,
cassandra,C:\Users\ismak\Documents\GitHub\relation_test_code_smell_ML\dataset\projects\cassandra\test\unit\org\apache\cassandra\db\lifecycle\LogTransactionTest.java,
cassandra,C:\Users\ismak\Documents\GitHub\relation_test_code_smell_ML\dataset\projects\cassandra\test\unit\org\apache\cassandra\db\lifecycle\RealTransactionsTest.java,
cassandra,C:\Users\ismak\Documents\GitHub\relation_test_code_smell_ML\dataset\projects\cassandra\test\unit\org\apache\cassandra\db\lifecycle\TestableLifecycleTransaction.java,
cassandra,C:\Users\ismak\Documents\GitHub\relation_test_code_smell_ML\dataset\projects\cassandra\test\unit\org\apache\cassandra\db\lifecycle\TrackerTest.java,
cassandra,C:\Users\ismak\Documents\GitHub\relation_test_code_smell_ML\dataset\projects\cassandra\test\unit\org\apache\cassandra\db\lifecycle\ViewTest.java,
cassandra,C:\Users\ismak\Documents\GitHub\relation_test_code_smell_ML\dataset\projects\cassandra\test\unit\org\apache\cassandra\db\LivenessInfoTest.java,
cassandra,C:\Users\ismak\Documents\GitHub\relation_test_code_smell_ML\dataset\projects\cassandra\test\unit\org\apache\cassandra\db\marshal\AbstractCompositeTypeTest.java,
cassandra,C:\Users\ismak\Documents\GitHub\relation_test_code_smell_ML\dataset\projects\cassandra\test\unit\org\apache\cassandra\db\marshal\AbstractTypeTest.java,
cassandra,C:\Users\ismak\Documents\GitHub\relation_test_code_smell_ML\dataset\projects\cassandra\test\unit\org\apache\cassandra\db\marshal\ByteBufferAccessorTest.java,
cassandra,C:\Users\ismak\Documents\GitHub\relation_test_code_smell_ML\dataset\projects\cassandra\test\unit\org\apache\cassandra\db\marshal\BytesTypeTest.java,
cassandra,C:\Users\ismak\Documents\GitHub\relation_test_code_smell_ML\dataset\projects\cassandra\test\unit\org\apache\cassandra\db\marshal\CollectionTypesTest.java,
cassandra,C:\Users\ismak\Documents\GitHub\relation_test_code_smell_ML\dataset\projects\cassandra\test\unit\org\apache\cassandra\db\marshal\CollectionTypeTest.java,
cassandra,C:\Users\ismak\Documents\GitHub\relation_test_code_smell_ML\dataset\projects\cassandra\test\unit\org\apache\cassandra\db\marshal\CompositeAndTupleTypesTest.java,
cassandra,C:\Users\ismak\Documents\GitHub\relation_test_code_smell_ML\dataset\projects\cassandra\test\unit\org\apache\cassandra\db\marshal\CompositeTypeTest.java,
cassandra,C:\Users\ismak\Documents\GitHub\relation_test_code_smell_ML\dataset\projects\cassandra\test\unit\org\apache\cassandra\db\marshal\DecimalTypeTest.java,
cassandra,C:\Users\ismak\Documents\GitHub\relation_test_code_smell_ML\dataset\projects\cassandra\test\unit\org\apache\cassandra\db\marshal\DynamicCompositeTypeTest.java,
cassandra,C:\Users\ismak\Documents\GitHub\relation_test_code_smell_ML\dataset\projects\cassandra\test\unit\org\apache\cassandra\db\marshal\EmptyTypeTest.java,
cassandra,C:\Users\ismak\Documents\GitHub\relation_test_code_smell_ML\dataset\projects\cassandra\test\unit\org\apache\cassandra\db\marshal\IntegerTypeTest.java,
cassandra,C:\Users\ismak\Documents\GitHub\relation_test_code_smell_ML\dataset\projects\cassandra\test\unit\org\apache\cassandra\db\marshal\JsonConversionTest.java,
cassandra,C:\Users\ismak\Documents\GitHub\relation_test_code_smell_ML\dataset\projects\cassandra\test\unit\org\apache\cassandra\db\marshal\NativeAccessorTest.java,
cassandra,C:\Users\ismak\Documents\GitHub\relation_test_code_smell_ML\dataset\projects\cassandra\test\unit\org\apache\cassandra\db\marshal\PartitionerDefinedOrderTest.java,
cassandra,C:\Users\ismak\Documents\GitHub\relation_test_code_smell_ML\dataset\projects\cassandra\test\unit\org\apache\cassandra\db\marshal\ReversedTypeTest.java,
cassandra,C:\Users\ismak\Documents\GitHub\relation_test_code_smell_ML\dataset\projects\cassandra\test\unit\org\apache\cassandra\db\marshal\RoundTripTest.java,
cassandra,C:\Users\ismak\Documents\GitHub\relation_test_code_smell_ML\dataset\projects\cassandra\test\unit\org\apache\cassandra\db\marshal\SimpleDateTypeTest.java,
cassandra,C:\Users\ismak\Documents\GitHub\relation_test_code_smell_ML\dataset\projects\cassandra\test\unit\org\apache\cassandra\db\marshal\TestNativeDataAllocator.java,
cassandra,C:\Users\ismak\Documents\GitHub\relation_test_code_smell_ML\dataset\projects\cassandra\test\unit\org\apache\cassandra\db\marshal\TimestampTypeTest.java,
cassandra,C:\Users\ismak\Documents\GitHub\relation_test_code_smell_ML\dataset\projects\cassandra\test\unit\org\apache\cassandra\db\marshal\TimeTypeTest.java,
cassandra,C:\Users\ismak\Documents\GitHub\relation_test_code_smell_ML\dataset\projects\cassandra\test\unit\org\apache\cassandra\db\marshal\TimeUUIDTypeTest.java,
cassandra,C:\Users\ismak\Documents\GitHub\relation_test_code_smell_ML\dataset\projects\cassandra\test\unit\org\apache\cassandra\db\marshal\TypeCompareTest.java,
cassandra,C:\Users\ismak\Documents\GitHub\relation_test_code_smell_ML\dataset\projects\cassandra\test\unit\org\apache\cassandra\db\marshal\TypeParserTest.java,
cassandra,C:\Users\ismak\Documents\GitHub\relation_test_code_smell_ML\dataset\projects\cassandra\test\unit\org\apache\cassandra\db\marshal\TypeValidationTest.java,
cassandra,C:\Users\ismak\Documents\GitHub\relation_test_code_smell_ML\dataset\projects\cassandra\test\unit\org\apache\cassandra\db\marshal\UUIDTypeTest.java,
cassandra,C:\Users\ismak\Documents\GitHub\relation_test_code_smell_ML\dataset\projects\cassandra\test\unit\org\apache\cassandra\db\marshal\ValueAccessorTest.java,
cassandra,C:\Users\ismak\Documents\GitHub\relation_test_code_smell_ML\dataset\projects\cassandra\test\unit\org\apache\cassandra\db\marshal\VectorTypeTest.java,
cassandra,C:\Users\ismak\Documents\GitHub\relation_test_code_smell_ML\dataset\projects\cassandra\test\unit\org\apache\cassandra\db\memtable\MemtableQuickTest.java,
cassandra,C:\Users\ismak\Documents\GitHub\relation_test_code_smell_ML\dataset\projects\cassandra\test\unit\org\apache\cassandra\db\memtable\MemtableSizeHeapBuffersTest.java,
cassandra,C:\Users\ismak\Documents\GitHub\relation_test_code_smell_ML\dataset\projects\cassandra\test\unit\org\apache\cassandra\db\memtable\MemtableSizeOffheapBuffersTest.java,
cassandra,C:\Users\ismak\Documents\GitHub\relation_test_code_smell_ML\dataset\projects\cassandra\test\unit\org\apache\cassandra\db\memtable\MemtableSizeOffheapObjectsTest.java,
cassandra,C:\Users\ismak\Documents\GitHub\relation_test_code_smell_ML\dataset\projects\cassandra\test\unit\org\apache\cassandra\db\memtable\MemtableSizeUnslabbedTest.java,
cassandra,C:\Users\ismak\Documents\GitHub\relation_test_code_smell_ML\dataset\projects\cassandra\test\unit\org\apache\cassandra\db\memtable\NonSplittablePartitionerTrieMemtableFlushSetTest.java,
cassandra,C:\Users\ismak\Documents\GitHub\relation_test_code_smell_ML\dataset\projects\cassandra\test\unit\org\apache\cassandra\db\memtable\ShardedMemtableConfigTest.java,
cassandra,C:\Users\ismak\Documents\GitHub\relation_test_code_smell_ML\dataset\projects\cassandra\test\unit\org\apache\cassandra\db\memtable\SplittablePartitionerTrieMemtableFlushSetTest.java,
cassandra,C:\Users\ismak\Documents\GitHub\relation_test_code_smell_ML\dataset\projects\cassandra\test\unit\org\apache\cassandra\db\memtable\TestMemtable.java,
cassandra,C:\Users\ismak\Documents\GitHub\relation_test_code_smell_ML\dataset\projects\cassandra\test\unit\org\apache\cassandra\db\MmapFileTest.java,
cassandra,C:\Users\ismak\Documents\GitHub\relation_test_code_smell_ML\dataset\projects\cassandra\test\unit\org\apache\cassandra\db\monitoring\MonitoringTaskTest.java,
cassandra,C:\Users\ismak\Documents\GitHub\relation_test_code_smell_ML\dataset\projects\cassandra\test\unit\org\apache\cassandra\db\MultiKeyspaceTest.java,
cassandra,C:\Users\ismak\Documents\GitHub\relation_test_code_smell_ML\dataset\projects\cassandra\test\unit\org\apache\cassandra\db\MutationExceededMaxSizeExceptionTest.java,
cassandra,C:\Users\ismak\Documents\GitHub\relation_test_code_smell_ML\dataset\projects\cassandra\test\unit\org\apache\cassandra\db\MutationVerbHandlerOutOfRangeTest.java,
cassandra,C:\Users\ismak\Documents\GitHub\relation_test_code_smell_ML\dataset\projects\cassandra\test\unit\org\apache\cassandra\db\NameSortTest.java,
cassandra,C:\Users\ismak\Documents\GitHub\relation_test_code_smell_ML\dataset\projects\cassandra\test\unit\org\apache\cassandra\db\NativeCellTest.java,
cassandra,C:\Users\ismak\Documents\GitHub\relation_test_code_smell_ML\dataset\projects\cassandra\test\unit\org\apache\cassandra\db\partition\PartitionImplementationTest.java,
cassandra,C:\Users\ismak\Documents\GitHub\relation_test_code_smell_ML\dataset\projects\cassandra\test\unit\org\apache\cassandra\db\partition\PartitionUpdateTest.java,
cassandra,C:\Users\ismak\Documents\GitHub\relation_test_code_smell_ML\dataset\projects\cassandra\test\unit\org\apache\cassandra\db\PartitionRangeReadCommandCQLTest.java,
cassandra,C:\Users\ismak\Documents\GitHub\relation_test_code_smell_ML\dataset\projects\cassandra\test\unit\org\apache\cassandra\db\PartitionRangeReadTest.java,
cassandra,C:\Users\ismak\Documents\GitHub\relation_test_code_smell_ML\dataset\projects\cassandra\test\unit\org\apache\cassandra\db\partitions\AtomicBTreePartitionMemtableAccountingTest.java,
cassandra,C:\Users\ismak\Documents\GitHub\relation_test_code_smell_ML\dataset\projects\cassandra\test\unit\org\apache\cassandra\db\partitions\MemtableNegativeReleasedCQLReproTest.java,
cassandra,C:\Users\ismak\Documents\GitHub\relation_test_code_smell_ML\dataset\projects\cassandra\test\unit\org\apache\cassandra\db\partitions\PurgeFunctionTest.java,
cassandra,C:\Users\ismak\Documents\GitHub\relation_test_code_smell_ML\dataset\projects\cassandra\test\unit\org\apache\cassandra\db\PartitionTest.java,
cassandra,C:\Users\ismak\Documents\GitHub\relation_test_code_smell_ML\dataset\projects\cassandra\test\unit\org\apache\cassandra\db\RangeTombstoneListTest.java,
cassandra,C:\Users\ismak\Documents\GitHub\relation_test_code_smell_ML\dataset\projects\cassandra\test\unit\org\apache\cassandra\db\RangeTombstoneTest.java,
cassandra,C:\Users\ismak\Documents\GitHub\relation_test_code_smell_ML\dataset\projects\cassandra\test\unit\org\apache\cassandra\db\ReadCommandTest.java,
cassandra,C:\Users\ismak\Documents\GitHub\relation_test_code_smell_ML\dataset\projects\cassandra\test\unit\org\apache\cassandra\db\ReadCommandVerbHandlerOutOfRangeTest.java,
cassandra,C:\Users\ismak\Documents\GitHub\relation_test_code_smell_ML\dataset\projects\cassandra\test\unit\org\apache\cassandra\db\ReadCommandVerbHandlerTest.java,
cassandra,C:\Users\ismak\Documents\GitHub\relation_test_code_smell_ML\dataset\projects\cassandra\test\unit\org\apache\cassandra\db\ReadMessageTest.java,
cassandra,C:\Users\ismak\Documents\GitHub\relation_test_code_smell_ML\dataset\projects\cassandra\test\unit\org\apache\cassandra\db\ReadResponseTest.java,
cassandra,C:\Users\ismak\Documents\GitHub\relation_test_code_smell_ML\dataset\projects\cassandra\test\unit\org\apache\cassandra\db\RecoveryManagerFlushedTest.java,
cassandra,C:\Users\ismak\Documents\GitHub\relation_test_code_smell_ML\dataset\projects\cassandra\test\unit\org\apache\cassandra\db\RecoveryManagerMissingHeaderTest.java,
cassandra,C:\Users\ismak\Documents\GitHub\relation_test_code_smell_ML\dataset\projects\cassandra\test\unit\org\apache\cassandra\db\RecoveryManagerTest.java,
cassandra,C:\Users\ismak\Documents\GitHub\relation_test_code_smell_ML\dataset\projects\cassandra\test\unit\org\apache\cassandra\db\RecoveryManagerTruncateTest.java,
cassandra,C:\Users\ismak\Documents\GitHub\relation_test_code_smell_ML\dataset\projects\cassandra\test\unit\org\apache\cassandra\db\RemoveCellTest.java,
cassandra,C:\Users\ismak\Documents\GitHub\relation_test_code_smell_ML\dataset\projects\cassandra\test\unit\org\apache\cassandra\db\repair\AbstractPendingAntiCompactionTest.java,
cassandra,C:\Users\ismak\Documents\GitHub\relation_test_code_smell_ML\dataset\projects\cassandra\test\unit\org\apache\cassandra\db\repair\CompactionManagerGetSSTablesForValidationTest.java,
cassandra,C:\Users\ismak\Documents\GitHub\relation_test_code_smell_ML\dataset\projects\cassandra\test\unit\org\apache\cassandra\db\repair\PendingAntiCompactionBytemanTest.java,
cassandra,C:\Users\ismak\Documents\GitHub\relation_test_code_smell_ML\dataset\projects\cassandra\test\unit\org\apache\cassandra\db\repair\PendingAntiCompactionTest.java,
cassandra,C:\Users\ismak\Documents\GitHub\relation_test_code_smell_ML\dataset\projects\cassandra\test\unit\org\apache\cassandra\db\RepairedDataInfoTest.java,
cassandra,C:\Users\ismak\Documents\GitHub\relation_test_code_smell_ML\dataset\projects\cassandra\test\unit\org\apache\cassandra\db\RepairedDataTombstonesTest.java,
cassandra,C:\Users\ismak\Documents\GitHub\relation_test_code_smell_ML\dataset\projects\cassandra\test\unit\org\apache\cassandra\db\RowCacheCQLTest.java,
cassandra,C:\Users\ismak\Documents\GitHub\relation_test_code_smell_ML\dataset\projects\cassandra\test\unit\org\apache\cassandra\db\RowCacheTest.java,
cassandra,C:\Users\ismak\Documents\GitHub\relation_test_code_smell_ML\dataset\projects\cassandra\test\unit\org\apache\cassandra\db\RowIterationTest.java,
cassandra,C:\Users\ismak\Documents\GitHub\relation_test_code_smell_ML\dataset\projects\cassandra\test\unit\org\apache\cassandra\db\rows\BTreeRowHasLiveDataTest.java,
cassandra,C:\Users\ismak\Documents\GitHub\relation_test_code_smell_ML\dataset\projects\cassandra\test\unit\org\apache\cassandra\db\rows\ColumnMetadataVersionComparatorTest.java,
cassandra,C:\Users\ismak\Documents\GitHub\relation_test_code_smell_ML\dataset\projects\cassandra\test\unit\org\apache\cassandra\db\rows\DeserializationHelperTest.java,
cassandra,C:\Users\ismak\Documents\GitHub\relation_test_code_smell_ML\dataset\projects\cassandra\test\unit\org\apache\cassandra\db\rows\EncodingStatsTest.java,
cassandra,C:\Users\ismak\Documents\GitHub\relation_test_code_smell_ML\dataset\projects\cassandra\test\unit\org\apache\cassandra\db\rows\PartitionSerializationExceptionTest.java,
cassandra,C:\Users\ismak\Documents\GitHub\relation_test_code_smell_ML\dataset\projects\cassandra\test\unit\org\apache\cassandra\db\rows\RowAndDeletionMergeIteratorTest.java,
cassandra,C:\Users\ismak\Documents\GitHub\relation_test_code_smell_ML\dataset\projects\cassandra\test\unit\org\apache\cassandra\db\rows\RowsMergingTest.java,
cassandra,C:\Users\ismak\Documents\GitHub\relation_test_code_smell_ML\dataset\projects\cassandra\test\unit\org\apache\cassandra\db\rows\RowsTest.java,
cassandra,C:\Users\ismak\Documents\GitHub\relation_test_code_smell_ML\dataset\projects\cassandra\test\unit\org\apache\cassandra\db\rows\ThrottledUnfilteredIteratorTest.java,
cassandra,C:\Users\ismak\Documents\GitHub\relation_test_code_smell_ML\dataset\projects\cassandra\test\unit\org\apache\cassandra\db\rows\UnfilteredRowIteratorsMergeTest.java,
cassandra,C:\Users\ismak\Documents\GitHub\relation_test_code_smell_ML\dataset\projects\cassandra\test\unit\org\apache\cassandra\db\rows\UnfilteredRowIteratorsTest.java,
cassandra,C:\Users\ismak\Documents\GitHub\relation_test_code_smell_ML\dataset\projects\cassandra\test\unit\org\apache\cassandra\db\rows\UnfilteredRowIteratorWithLowerBoundTest.java,
cassandra,C:\Users\ismak\Documents\GitHub\relation_test_code_smell_ML\dataset\projects\cassandra\test\unit\org\apache\cassandra\db\rows\UnfilteredSerializerTest.java,
cassandra,C:\Users\ismak\Documents\GitHub\relation_test_code_smell_ML\dataset\projects\cassandra\test\unit\org\apache\cassandra\db\RowTest.java,
cassandra,C:\Users\ismak\Documents\GitHub\relation_test_code_smell_ML\dataset\projects\cassandra\test\unit\org\apache\cassandra\db\SchemaCQLHelperTest.java,
cassandra,C:\Users\ismak\Documents\GitHub\relation_test_code_smell_ML\dataset\projects\cassandra\test\unit\org\apache\cassandra\db\SecondaryIndexTest.java,
cassandra,C:\Users\ismak\Documents\GitHub\relation_test_code_smell_ML\dataset\projects\cassandra\test\unit\org\apache\cassandra\db\SerializationHeaderTest.java,
cassandra,C:\Users\ismak\Documents\GitHub\relation_test_code_smell_ML\dataset\projects\cassandra\test\unit\org\apache\cassandra\db\SinglePartitionReadCommandCQLTest.java,
cassandra,C:\Users\ismak\Documents\GitHub\relation_test_code_smell_ML\dataset\projects\cassandra\test\unit\org\apache\cassandra\db\SinglePartitionSliceCommandTest.java,
cassandra,C:\Users\ismak\Documents\GitHub\relation_test_code_smell_ML\dataset\projects\cassandra\test\unit\org\apache\cassandra\db\SnapshotTest.java,
cassandra,C:\Users\ismak\Documents\GitHub\relation_test_code_smell_ML\dataset\projects\cassandra\test\unit\org\apache\cassandra\db\SSTableAndMemTableDigestMatchTest.java,
cassandra,C:\Users\ismak\Documents\GitHub\relation_test_code_smell_ML\dataset\projects\cassandra\test\unit\org\apache\cassandra\db\streaming\CassandraEntireSSTableStreamWriterTest.java,
cassandra,C:\Users\ismak\Documents\GitHub\relation_test_code_smell_ML\dataset\projects\cassandra\test\unit\org\apache\cassandra\db\streaming\CassandraOutgoingFileTest.java,
cassandra,C:\Users\ismak\Documents\GitHub\relation_test_code_smell_ML\dataset\projects\cassandra\test\unit\org\apache\cassandra\db\streaming\CassandraStreamHeaderTest.java,
cassandra,C:\Users\ismak\Documents\GitHub\relation_test_code_smell_ML\dataset\projects\cassandra\test\unit\org\apache\cassandra\db\streaming\CassandraStreamManagerTest.java,
cassandra,C:\Users\ismak\Documents\GitHub\relation_test_code_smell_ML\dataset\projects\cassandra\test\unit\org\apache\cassandra\db\streaming\CassandraStreamReceiverTest.java,
cassandra,C:\Users\ismak\Documents\GitHub\relation_test_code_smell_ML\dataset\projects\cassandra\test\unit\org\apache\cassandra\db\streaming\ComponentManifestTest.java,
cassandra,C:\Users\ismak\Documents\GitHub\relation_test_code_smell_ML\dataset\projects\cassandra\test\unit\org\apache\cassandra\db\streaming\EntireSSTableStreamConcurrentComponentMutationTest.java,
cassandra,C:\Users\ismak\Documents\GitHub\relation_test_code_smell_ML\dataset\projects\cassandra\test\unit\org\apache\cassandra\db\streaming\StreamRequestTest.java,
cassandra,C:\Users\ismak\Documents\GitHub\relation_test_code_smell_ML\dataset\projects\cassandra\test\unit\org\apache\cassandra\db\SystemKeyspaceMigrator41Test.java,
cassandra,C:\Users\ismak\Documents\GitHub\relation_test_code_smell_ML\dataset\projects\cassandra\test\unit\org\apache\cassandra\db\SystemKeyspaceTest.java,
cassandra,C:\Users\ismak\Documents\GitHub\relation_test_code_smell_ML\dataset\projects\cassandra\test\unit\org\apache\cassandra\db\SystemPeersValidatorTest.java,
cassandra,C:\Users\ismak\Documents\GitHub\relation_test_code_smell_ML\dataset\projects\cassandra\test\unit\org\apache\cassandra\db\TimeSortTest.java,
cassandra,C:\Users\ismak\Documents\GitHub\relation_test_code_smell_ML\dataset\projects\cassandra\test\unit\org\apache\cassandra\db\TopPartitionTrackerTest.java,
cassandra,C:\Users\ismak\Documents\GitHub\relation_test_code_smell_ML\dataset\projects\cassandra\test\unit\org\apache\cassandra\db\transform\DuplicateRowCheckerTest.java,
cassandra,C:\Users\ismak\Documents\GitHub\relation_test_code_smell_ML\dataset\projects\cassandra\test\unit\org\apache\cassandra\db\transform\RTTransformationsTest.java,
cassandra,C:\Users\ismak\Documents\GitHub\relation_test_code_smell_ML\dataset\projects\cassandra\test\unit\org\apache\cassandra\db\transform\TransformationOptimalSizeStackTest.java,
cassandra,C:\Users\ismak\Documents\GitHub\relation_test_code_smell_ML\dataset\projects\cassandra\test\unit\org\apache\cassandra\db\TransformerTest.java,
cassandra,C:\Users\ismak\Documents\GitHub\relation_test_code_smell_ML\dataset\projects\cassandra\test\unit\org\apache\cassandra\db\tries\CollectionMergeTrieTest.java,
cassandra,C:\Users\ismak\Documents\GitHub\relation_test_code_smell_ML\dataset\projects\cassandra\test\unit\org\apache\cassandra\db\tries\InMemoryTrieApplyTest.java,
cassandra,C:\Users\ismak\Documents\GitHub\relation_test_code_smell_ML\dataset\projects\cassandra\test\unit\org\apache\cassandra\db\tries\InMemoryTriePutTest.java,
cassandra,C:\Users\ismak\Documents\GitHub\relation_test_code_smell_ML\dataset\projects\cassandra\test\unit\org\apache\cassandra\db\tries\InMemoryTrieThreadedTest.java,
cassandra,C:\Users\ismak\Documents\GitHub\relation_test_code_smell_ML\dataset\projects\cassandra\test\unit\org\apache\cassandra\db\tries\MergeTrieTest.java,
cassandra,C:\Users\ismak\Documents\GitHub\relation_test_code_smell_ML\dataset\projects\cassandra\test\unit\org\apache\cassandra\db\tries\SlicedTrieTest.java,
cassandra,C:\Users\ismak\Documents\GitHub\relation_test_code_smell_ML\dataset\projects\cassandra\test\unit\org\apache\cassandra\db\tries\TrieToDotTest.java,
cassandra,C:\Users\ismak\Documents\GitHub\relation_test_code_smell_ML\dataset\projects\cassandra\test\unit\org\apache\cassandra\db\tries\TrieToMermaidTest.java,
cassandra,C:\Users\ismak\Documents\GitHub\relation_test_code_smell_ML\dataset\projects\cassandra\test\unit\org\apache\cassandra\db\view\ViewBuilderTaskTest.java,
cassandra,C:\Users\ismak\Documents\GitHub\relation_test_code_smell_ML\dataset\projects\cassandra\test\unit\org\apache\cassandra\db\view\ViewUtilsTest.java,
cassandra,C:\Users\ismak\Documents\GitHub\relation_test_code_smell_ML\dataset\projects\cassandra\test\unit\org\apache\cassandra\db\virtual\AbstractLoggerVirtualTableTest.java,
cassandra,C:\Users\ismak\Documents\GitHub\relation_test_code_smell_ML\dataset\projects\cassandra\test\unit\org\apache\cassandra\db\virtual\AccordDebugKeyspaceTest.java,
cassandra,C:\Users\ismak\Documents\GitHub\relation_test_code_smell_ML\dataset\projects\cassandra\test\unit\org\apache\cassandra\db\virtual\AccordVirtualTablesTest.java,
cassandra,C:\Users\ismak\Documents\GitHub\relation_test_code_smell_ML\dataset\projects\cassandra\test\unit\org\apache\cassandra\db\virtual\BatchMetricsTableTest.java,
cassandra,C:\Users\ismak\Documents\GitHub\relation_test_code_smell_ML\dataset\projects\cassandra\test\unit\org\apache\cassandra\db\virtual\CIDRFilteringMetricsTableTest.java,
cassandra,C:\Users\ismak\Documents\GitHub\relation_test_code_smell_ML\dataset\projects\cassandra\test\unit\org\apache\cassandra\db\virtual\ClientsTableKeyspaceColTest.java,
cassandra,C:\Users\ismak\Documents\GitHub\relation_test_code_smell_ML\dataset\projects\cassandra\test\unit\org\apache\cassandra\db\virtual\ClientsTableTest.java,
cassandra,C:\Users\ismak\Documents\GitHub\relation_test_code_smell_ML\dataset\projects\cassandra\test\unit\org\apache\cassandra\db\virtual\CollectionVirtualTableAdapterTest.java,
cassandra,C:\Users\ismak\Documents\GitHub\relation_test_code_smell_ML\dataset\projects\cassandra\test\unit\org\apache\cassandra\db\virtual\CQLMetricsTableTest.java,
cassandra,C:\Users\ismak\Documents\GitHub\relation_test_code_smell_ML\dataset\projects\cassandra\test\unit\org\apache\cassandra\db\virtual\CredentialsCacheKeysTableTest.java,
cassandra,C:\Users\ismak\Documents\GitHub\relation_test_code_smell_ML\dataset\projects\cassandra\test\unit\org\apache\cassandra\db\virtual\ExceptionsTableTest.java,
cassandra,C:\Users\ismak\Documents\GitHub\relation_test_code_smell_ML\dataset\projects\cassandra\test\unit\org\apache\cassandra\db\virtual\GossipInfoTableTest.java,
cassandra,C:\Users\ismak\Documents\GitHub\relation_test_code_smell_ML\dataset\projects\cassandra\test\unit\org\apache\cassandra\db\virtual\JmxPermissionsCacheKeysTableTest.java,
cassandra,C:\Users\ismak\Documents\GitHub\relation_test_code_smell_ML\dataset\projects\cassandra\test\unit\org\apache\cassandra\db\virtual\LazyVirtualTableTest.java,
cassandra,C:\Users\ismak\Documents\GitHub\relation_test_code_smell_ML\dataset\projects\cassandra\test\unit\org\apache\cassandra\db\virtual\LocalRepairTablesTest.java,
cassandra,C:\Users\ismak\Documents\GitHub\relation_test_code_smell_ML\dataset\projects\cassandra\test\unit\org\apache\cassandra\db\virtual\LogMessagesTableTest.java,
cassandra,C:\Users\ismak\Documents\GitHub\relation_test_code_smell_ML\dataset\projects\cassandra\test\unit\org\apache\cassandra\db\virtual\NetworkPermissionsCacheKeysTableTest.java,
cassandra,C:\Users\ismak\Documents\GitHub\relation_test_code_smell_ML\dataset\projects\cassandra\test\unit\org\apache\cassandra\db\virtual\PartitionKeyStatsTableTest.java,
cassandra,C:\Users\ismak\Documents\GitHub\relation_test_code_smell_ML\dataset\projects\cassandra\test\unit\org\apache\cassandra\db\virtual\PermissionsCacheKeysTableTest.java,
cassandra,C:\Users\ismak\Documents\GitHub\relation_test_code_smell_ML\dataset\projects\cassandra\test\unit\org\apache\cassandra\db\virtual\RolesCacheKeysTableTest.java,
cassandra,C:\Users\ismak\Documents\GitHub\relation_test_code_smell_ML\dataset\projects\cassandra\test\unit\org\apache\cassandra\db\virtual\SchemaMetadataTableTest.java,
cassandra,C:\Users\ismak\Documents\GitHub\relation_test_code_smell_ML\dataset\projects\cassandra\test\unit\org\apache\cassandra\db\virtual\SettingsTableTest.java,
cassandra,C:\Users\ismak\Documents\GitHub\relation_test_code_smell_ML\dataset\projects\cassandra\test\unit\org\apache\cassandra\db\virtual\SlowQueriesTableTest.java,
cassandra,C:\Users\ismak\Documents\GitHub\relation_test_code_smell_ML\dataset\projects\cassandra\test\unit\org\apache\cassandra\db\virtual\SnapshotsTableTest.java,
cassandra,C:\Users\ismak\Documents\GitHub\relation_test_code_smell_ML\dataset\projects\cassandra\test\unit\org\apache\cassandra\db\virtual\SSTableTasksTableTest.java,
cassandra,C:\Users\ismak\Documents\GitHub\relation_test_code_smell_ML\dataset\projects\cassandra\test\unit\org\apache\cassandra\db\virtual\StreamingVirtualTableTest.java,
cassandra,C:\Users\ismak\Documents\GitHub\relation_test_code_smell_ML\dataset\projects\cassandra\test\unit\org\apache\cassandra\db\virtual\SystemPropertiesTableTest.java,
cassandra,C:\Users\ismak\Documents\GitHub\relation_test_code_smell_ML\dataset\projects\cassandra\test\unit\org\apache\cassandra\dht\AccordSplitterTest.java,
cassandra,C:\Users\ismak\Documents\GitHub\relation_test_code_smell_ML\dataset\projects\cassandra\test\unit\org\apache\cassandra\dht\BootStrapperTest.java,
cassandra,C:\Users\ismak\Documents\GitHub\relation_test_code_smell_ML\dataset\projects\cassandra\test\unit\org\apache\cassandra\dht\BoundsTest.java,
cassandra,C:\Users\ismak\Documents\GitHub\relation_test_code_smell_ML\dataset\projects\cassandra\test\unit\org\apache\cassandra\dht\ByteOrderedPartitionerTest.java,
cassandra,C:\Users\ismak\Documents\GitHub\relation_test_code_smell_ML\dataset\projects\cassandra\test\unit\org\apache\cassandra\dht\IPartitionerTest.java,
cassandra,C:\Users\ismak\Documents\GitHub\relation_test_code_smell_ML\dataset\projects\cassandra\test\unit\org\apache\cassandra\dht\KeyCollisionTest.java,
cassandra,C:\Users\ismak\Documents\GitHub\relation_test_code_smell_ML\dataset\projects\cassandra\test\unit\org\apache\cassandra\dht\Murmur3PartitionerTest.java,
cassandra,C:\Users\ismak\Documents\GitHub\relation_test_code_smell_ML\dataset\projects\cassandra\test\unit\org\apache\cassandra\dht\OrderPreservingPartitionerTest.java,
cassandra,C:\Users\ismak\Documents\GitHub\relation_test_code_smell_ML\dataset\projects\cassandra\test\unit\org\apache\cassandra\dht\RandomPartitionerTest.java,
cassandra,C:\Users\ismak\Documents\GitHub\relation_test_code_smell_ML\dataset\projects\cassandra\test\unit\org\apache\cassandra\dht\RangeFetchMapCalculatorTest.java,
cassandra,C:\Users\ismak\Documents\GitHub\relation_test_code_smell_ML\dataset\projects\cassandra\test\unit\org\apache\cassandra\dht\RangeTest.java,
cassandra,C:\Users\ismak\Documents\GitHub\relation_test_code_smell_ML\dataset\projects\cassandra\test\unit\org\apache\cassandra\dht\SplitterTest.java,
cassandra,C:\Users\ismak\Documents\GitHub\relation_test_code_smell_ML\dataset\projects\cassandra\test\unit\org\apache\cassandra\dht\StreamStateStoreTest.java,
cassandra,C:\Users\ismak\Documents\GitHub\relation_test_code_smell_ML\dataset\projects\cassandra\test\unit\org\apache\cassandra\dht\tokenallocator\OfflineTokenAllocatorGenerationsTest.java,
cassandra,C:\Users\ismak\Documents\GitHub\relation_test_code_smell_ML\dataset\projects\cassandra\test\unit\org\apache\cassandra\dht\tokenallocator\OfflineTokenAllocatorTest.java,
cassandra,C:\Users\ismak\Documents\GitHub\relation_test_code_smell_ML\dataset\projects\cassandra\test\unit\org\apache\cassandra\dht\tokenallocator\TokenAllocationTest.java,
cassandra,C:\Users\ismak\Documents\GitHub\relation_test_code_smell_ML\dataset\projects\cassandra\test\unit\org\apache\cassandra\dht\TokenTest.java,
cassandra,C:\Users\ismak\Documents\GitHub\relation_test_code_smell_ML\dataset\projects\cassandra\test\unit\org\apache\cassandra\diag\DiagnosticEventServiceTest.java,
cassandra,C:\Users\ismak\Documents\GitHub\relation_test_code_smell_ML\dataset\projects\cassandra\test\unit\org\apache\cassandra\diag\store\DiagnosticEventMemoryStoreTest.java,
cassandra,C:\Users\ismak\Documents\GitHub\relation_test_code_smell_ML\dataset\projects\cassandra\test\unit\org\apache\cassandra\exceptions\RemoteExceptionTest.java,
cassandra,C:\Users\ismak\Documents\GitHub\relation_test_code_smell_ML\dataset\projects\cassandra\test\unit\org\apache\cassandra\exceptions\RequestFailureReasonTest.java,
cassandra,C:\Users\ismak\Documents\GitHub\relation_test_code_smell_ML\dataset\projects\cassandra\test\unit\org\apache\cassandra\fql\FullQueryLoggerTest.java,
cassandra,C:\Users\ismak\Documents\GitHub\relation_test_code_smell_ML\dataset\projects\cassandra\test\unit\org\apache\cassandra\gms\ArrayBackedBoundedStatsTest.java,
cassandra,C:\Users\ismak\Documents\GitHub\relation_test_code_smell_ML\dataset\projects\cassandra\test\unit\org\apache\cassandra\gms\ArrivalWindowTest.java,
cassandra,C:\Users\ismak\Documents\GitHub\relation_test_code_smell_ML\dataset\projects\cassandra\test\unit\org\apache\cassandra\gms\EndpointStateTest.java,
cassandra,C:\Users\ismak\Documents\GitHub\relation_test_code_smell_ML\dataset\projects\cassandra\test\unit\org\apache\cassandra\gms\FailureDetectorTest.java,
cassandra,C:\Users\ismak\Documents\GitHub\relation_test_code_smell_ML\dataset\projects\cassandra\test\unit\org\apache\cassandra\gms\GossipDigestTest.java,
cassandra,C:\Users\ismak\Documents\GitHub\relation_test_code_smell_ML\dataset\projects\cassandra\test\unit\org\apache\cassandra\gms\GossiperTest.java,
cassandra,C:\Users\ismak\Documents\GitHub\relation_test_code_smell_ML\dataset\projects\cassandra\test\unit\org\apache\cassandra\gms\GossipShutdownTest.java,
cassandra,C:\Users\ismak\Documents\GitHub\relation_test_code_smell_ML\dataset\projects\cassandra\test\unit\org\apache\cassandra\gms\NewGossiperTest.java,
cassandra,C:\Users\ismak\Documents\GitHub\relation_test_code_smell_ML\dataset\projects\cassandra\test\unit\org\apache\cassandra\gms\SerializationsTest.java,
cassandra,C:\Users\ismak\Documents\GitHub\relation_test_code_smell_ML\dataset\projects\cassandra\test\unit\org\apache\cassandra\gms\VersionedValueTest.java,
cassandra,C:\Users\ismak\Documents\GitHub\relation_test_code_smell_ML\dataset\projects\cassandra\test\unit\org\apache\cassandra\hints\ChecksummedDataInputTest.java,
cassandra,C:\Users\ismak\Documents\GitHub\relation_test_code_smell_ML\dataset\projects\cassandra\test\unit\org\apache\cassandra\hints\HintMessageTest.java,
cassandra,C:\Users\ismak\Documents\GitHub\relation_test_code_smell_ML\dataset\projects\cassandra\test\unit\org\apache\cassandra\hints\HintsBufferPoolTest.java,
cassandra,C:\Users\ismak\Documents\GitHub\relation_test_code_smell_ML\dataset\projects\cassandra\test\unit\org\apache\cassandra\hints\HintsBufferTest.java,
cassandra,C:\Users\ismak\Documents\GitHub\relation_test_code_smell_ML\dataset\projects\cassandra\test\unit\org\apache\cassandra\hints\HintsCatalogTest.java,
cassandra,C:\Users\ismak\Documents\GitHub\relation_test_code_smell_ML\dataset\projects\cassandra\test\unit\org\apache\cassandra\hints\HintsCompressionTest.java,
cassandra,C:\Users\ismak\Documents\GitHub\relation_test_code_smell_ML\dataset\projects\cassandra\test\unit\org\apache\cassandra\hints\HintsDescriptorTest.java,
cassandra,C:\Users\ismak\Documents\GitHub\relation_test_code_smell_ML\dataset\projects\cassandra\test\unit\org\apache\cassandra\hints\HintsEncryptionTest.java,
cassandra,C:\Users\ismak\Documents\GitHub\relation_test_code_smell_ML\dataset\projects\cassandra\test\unit\org\apache\cassandra\hints\HintServiceBytemanTest.java,
cassandra,C:\Users\ismak\Documents\GitHub\relation_test_code_smell_ML\dataset\projects\cassandra\test\unit\org\apache\cassandra\hints\HintsPendingTableTest.java,
cassandra,C:\Users\ismak\Documents\GitHub\relation_test_code_smell_ML\dataset\projects\cassandra\test\unit\org\apache\cassandra\hints\HintsReaderTest.java,
cassandra,C:\Users\ismak\Documents\GitHub\relation_test_code_smell_ML\dataset\projects\cassandra\test\unit\org\apache\cassandra\hints\HintsServiceTest.java,
cassandra,C:\Users\ismak\Documents\GitHub\relation_test_code_smell_ML\dataset\projects\cassandra\test\unit\org\apache\cassandra\hints\HintsStoreTest.java,
cassandra,C:\Users\ismak\Documents\GitHub\relation_test_code_smell_ML\dataset\projects\cassandra\test\unit\org\apache\cassandra\hints\HintsUpgradeTest.java,
cassandra,C:\Users\ismak\Documents\GitHub\relation_test_code_smell_ML\dataset\projects\cassandra\test\unit\org\apache\cassandra\hints\HintTest.java,
cassandra,C:\Users\ismak\Documents\GitHub\relation_test_code_smell_ML\dataset\projects\cassandra\test\unit\org\apache\cassandra\hints\HintWriteTTLTest.java,
cassandra,C:\Users\ismak\Documents\GitHub\relation_test_code_smell_ML\dataset\projects\cassandra\test\unit\org\apache\cassandra\index\accord\CheckpointIntervalArrayIndexTest.java,
cassandra,C:\Users\ismak\Documents\GitHub\relation_test_code_smell_ML\dataset\projects\cassandra\test\unit\org\apache\cassandra\index\accord\RangeMemoryIndexTest.java,
cassandra,C:\Users\ismak\Documents\GitHub\relation_test_code_smell_ML\dataset\projects\cassandra\test\unit\org\apache\cassandra\index\accord\RouteIndexTest.java,
cassandra,C:\Users\ismak\Documents\GitHub\relation_test_code_smell_ML\dataset\projects\cassandra\test\unit\org\apache\cassandra\index\CustomIndexTest.java,
cassandra,C:\Users\ismak\Documents\GitHub\relation_test_code_smell_ML\dataset\projects\cassandra\test\unit\org\apache\cassandra\index\IndexStatusManagerTest.java,
cassandra,C:\Users\ismak\Documents\GitHub\relation_test_code_smell_ML\dataset\projects\cassandra\test\unit\org\apache\cassandra\index\internal\CassandraIndexTest.java,
cassandra,C:\Users\ismak\Documents\GitHub\relation_test_code_smell_ML\dataset\projects\cassandra\test\unit\org\apache\cassandra\index\sai\analyzer\filter\BasicFiltersTest.java,
cassandra,C:\Users\ismak\Documents\GitHub\relation_test_code_smell_ML\dataset\projects\cassandra\test\unit\org\apache\cassandra\index\sai\analyzer\NonTokenizingAnalyzerTest.java,
cassandra,C:\Users\ismak\Documents\GitHub\relation_test_code_smell_ML\dataset\projects\cassandra\test\unit\org\apache\cassandra\index\sai\cql\AllowFilteringTest.java,
cassandra,C:\Users\ismak\Documents\GitHub\relation_test_code_smell_ML\dataset\projects\cassandra\test\unit\org\apache\cassandra\index\sai\cql\AllTypesSimpleEqTest.java,
cassandra,C:\Users\ismak\Documents\GitHub\relation_test_code_smell_ML\dataset\projects\cassandra\test\unit\org\apache\cassandra\index\sai\cql\BooleanTypeTest.java,
cassandra,C:\Users\ismak\Documents\GitHub\relation_test_code_smell_ML\dataset\projects\cassandra\test\unit\org\apache\cassandra\index\sai\cql\ClusteringKeyIndexTest.java,
cassandra,C:\Users\ismak\Documents\GitHub\relation_test_code_smell_ML\dataset\projects\cassandra\test\unit\org\apache\cassandra\index\sai\cql\CollectionIndexingTest.java,
cassandra,C:\Users\ismak\Documents\GitHub\relation_test_code_smell_ML\dataset\projects\cassandra\test\unit\org\apache\cassandra\index\sai\cql\ComplexQueryTest.java,
cassandra,C:\Users\ismak\Documents\GitHub\relation_test_code_smell_ML\dataset\projects\cassandra\test\unit\org\apache\cassandra\index\sai\cql\CompositePartitionKeyIndexTest.java,
cassandra,C:\Users\ismak\Documents\GitHub\relation_test_code_smell_ML\dataset\projects\cassandra\test\unit\org\apache\cassandra\index\sai\cql\DecimalLargeValueTest.java,
cassandra,C:\Users\ismak\Documents\GitHub\relation_test_code_smell_ML\dataset\projects\cassandra\test\unit\org\apache\cassandra\index\sai\cql\DescClusteringRangeQueryTest.java,
cassandra,C:\Users\ismak\Documents\GitHub\relation_test_code_smell_ML\dataset\projects\cassandra\test\unit\org\apache\cassandra\index\sai\cql\DuplicateRowIDTest.java,
cassandra,C:\Users\ismak\Documents\GitHub\relation_test_code_smell_ML\dataset\projects\cassandra\test\unit\org\apache\cassandra\index\sai\cql\EmptyStringLifecycleTest.java,
cassandra,C:\Users\ismak\Documents\GitHub\relation_test_code_smell_ML\dataset\projects\cassandra\test\unit\org\apache\cassandra\index\sai\cql\EmptyValuesTest.java,
cassandra,C:\Users\ismak\Documents\GitHub\relation_test_code_smell_ML\dataset\projects\cassandra\test\unit\org\apache\cassandra\index\sai\cql\IndexGroupLifecycleTest.java,
cassandra,C:\Users\ismak\Documents\GitHub\relation_test_code_smell_ML\dataset\projects\cassandra\test\unit\org\apache\cassandra\index\sai\cql\InetAddressTypeEquivalencyTest.java,
cassandra,C:\Users\ismak\Documents\GitHub\relation_test_code_smell_ML\dataset\projects\cassandra\test\unit\org\apache\cassandra\index\sai\cql\intersection\RandomMixedIntersectionTest.java,
cassandra,C:\Users\ismak\Documents\GitHub\relation_test_code_smell_ML\dataset\projects\cassandra\test\unit\org\apache\cassandra\index\sai\cql\intersection\RandomMixedPartitionIntersectionTest.java,
cassandra,C:\Users\ismak\Documents\GitHub\relation_test_code_smell_ML\dataset\projects\cassandra\test\unit\org\apache\cassandra\index\sai\cql\intersection\RandomRegularIntersectionTest.java,
cassandra,C:\Users\ismak\Documents\GitHub\relation_test_code_smell_ML\dataset\projects\cassandra\test\unit\org\apache\cassandra\index\sai\cql\intersection\RandomRegularPartitionIntersectionTest.java,
cassandra,C:\Users\ismak\Documents\GitHub\relation_test_code_smell_ML\dataset\projects\cassandra\test\unit\org\apache\cassandra\index\sai\cql\intersection\RandomStaticIntersectionTest.java,
cassandra,C:\Users\ismak\Documents\GitHub\relation_test_code_smell_ML\dataset\projects\cassandra\test\unit\org\apache\cassandra\index\sai\cql\intersection\RandomStaticPartitionIntersectionTest.java,
cassandra,C:\Users\ismak\Documents\GitHub\relation_test_code_smell_ML\dataset\projects\cassandra\test\unit\org\apache\cassandra\index\sai\cql\intersection\TwoRegularOneStaticIntersectionTest.java,
cassandra,C:\Users\ismak\Documents\GitHub\relation_test_code_smell_ML\dataset\projects\cassandra\test\unit\org\apache\cassandra\index\sai\cql\intersection\TwoRegularOneStaticPartitionIntersectionTest.java,
cassandra,C:\Users\ismak\Documents\GitHub\relation_test_code_smell_ML\dataset\projects\cassandra\test\unit\org\apache\cassandra\index\sai\cql\IntraPartitionSkippingTest.java,
cassandra,C:\Users\ismak\Documents\GitHub\relation_test_code_smell_ML\dataset\projects\cassandra\test\unit\org\apache\cassandra\index\sai\cql\MixedIndexImplementationsTest.java,
cassandra,C:\Users\ismak\Documents\GitHub\relation_test_code_smell_ML\dataset\projects\cassandra\test\unit\org\apache\cassandra\index\sai\cql\MultipleColumnIndexTest.java,
cassandra,C:\Users\ismak\Documents\GitHub\relation_test_code_smell_ML\dataset\projects\cassandra\test\unit\org\apache\cassandra\index\sai\cql\QueryCellDeletionsTest.java,
cassandra,C:\Users\ismak\Documents\GitHub\relation_test_code_smell_ML\dataset\projects\cassandra\test\unit\org\apache\cassandra\index\sai\cql\QueryRowDeletionsTest.java,
cassandra,C:\Users\ismak\Documents\GitHub\relation_test_code_smell_ML\dataset\projects\cassandra\test\unit\org\apache\cassandra\index\sai\cql\QueryTimeToLiveTest.java,
cassandra,C:\Users\ismak\Documents\GitHub\relation_test_code_smell_ML\dataset\projects\cassandra\test\unit\org\apache\cassandra\index\sai\cql\QueryWriteLifecycleTest.java,
cassandra,C:\Users\ismak\Documents\GitHub\relation_test_code_smell_ML\dataset\projects\cassandra\test\unit\org\apache\cassandra\index\sai\cql\StaticColumnIndexTest.java,
cassandra,C:\Users\ismak\Documents\GitHub\relation_test_code_smell_ML\dataset\projects\cassandra\test\unit\org\apache\cassandra\index\sai\cql\StorageAttachedIndexDDLTest.java,
cassandra,C:\Users\ismak\Documents\GitHub\relation_test_code_smell_ML\dataset\projects\cassandra\test\unit\org\apache\cassandra\index\sai\cql\TinySegmentQueryCellDeletionsTest.java,
cassandra,C:\Users\ismak\Documents\GitHub\relation_test_code_smell_ML\dataset\projects\cassandra\test\unit\org\apache\cassandra\index\sai\cql\TinySegmentQueryRowDeletionsTest.java,
cassandra,C:\Users\ismak\Documents\GitHub\relation_test_code_smell_ML\dataset\projects\cassandra\test\unit\org\apache\cassandra\index\sai\cql\TinySegmentQueryTimeToLiveTest.java,
cassandra,C:\Users\ismak\Documents\GitHub\relation_test_code_smell_ML\dataset\projects\cassandra\test\unit\org\apache\cassandra\index\sai\cql\TinySegmentQueryWriteLifecycleTest.java,
cassandra,C:\Users\ismak\Documents\GitHub\relation_test_code_smell_ML\dataset\projects\cassandra\test\unit\org\apache\cassandra\index\sai\cql\TokenCollisionTest.java,
cassandra,C:\Users\ismak\Documents\GitHub\relation_test_code_smell_ML\dataset\projects\cassandra\test\unit\org\apache\cassandra\index\sai\cql\TokenRangeReadTest.java,
cassandra,C:\Users\ismak\Documents\GitHub\relation_test_code_smell_ML\dataset\projects\cassandra\test\unit\org\apache\cassandra\index\sai\cql\types\AsciiTest.java,
cassandra,C:\Users\ismak\Documents\GitHub\relation_test_code_smell_ML\dataset\projects\cassandra\test\unit\org\apache\cassandra\index\sai\cql\types\BigintTest.java,
cassandra,C:\Users\ismak\Documents\GitHub\relation_test_code_smell_ML\dataset\projects\cassandra\test\unit\org\apache\cassandra\index\sai\cql\types\BooleanTest.java,
cassandra,C:\Users\ismak\Documents\GitHub\relation_test_code_smell_ML\dataset\projects\cassandra\test\unit\org\apache\cassandra\index\sai\cql\types\collections\lists\FrozenListAsciiTest.java,
cassandra,C:\Users\ismak\Documents\GitHub\relation_test_code_smell_ML\dataset\projects\cassandra\test\unit\org\apache\cassandra\index\sai\cql\types\collections\lists\FrozenListDecimalTest.java,
cassandra,C:\Users\ismak\Documents\GitHub\relation_test_code_smell_ML\dataset\projects\cassandra\test\unit\org\apache\cassandra\index\sai\cql\types\collections\lists\FrozenListIntTest.java,
cassandra,C:\Users\ismak\Documents\GitHub\relation_test_code_smell_ML\dataset\projects\cassandra\test\unit\org\apache\cassandra\index\sai\cql\types\collections\lists\FrozenListVarintTest.java,
cassandra,C:\Users\ismak\Documents\GitHub\relation_test_code_smell_ML\dataset\projects\cassandra\test\unit\org\apache\cassandra\index\sai\cql\types\collections\lists\ListAsciiTest.java,
cassandra,C:\Users\ismak\Documents\GitHub\relation_test_code_smell_ML\dataset\projects\cassandra\test\unit\org\apache\cassandra\index\sai\cql\types\collections\lists\ListBigintTest.java,
cassandra,C:\Users\ismak\Documents\GitHub\relation_test_code_smell_ML\dataset\projects\cassandra\test\unit\org\apache\cassandra\index\sai\cql\types\collections\lists\ListDateTest.java,
cassandra,C:\Users\ismak\Documents\GitHub\relation_test_code_smell_ML\dataset\projects\cassandra\test\unit\org\apache\cassandra\index\sai\cql\types\collections\lists\ListDecimalTest.java,
cassandra,C:\Users\ismak\Documents\GitHub\relation_test_code_smell_ML\dataset\projects\cassandra\test\unit\org\apache\cassandra\index\sai\cql\types\collections\lists\ListDoubleTest.java,
cassandra,C:\Users\ismak\Documents\GitHub\relation_test_code_smell_ML\dataset\projects\cassandra\test\unit\org\apache\cassandra\index\sai\cql\types\collections\lists\ListFloatTest.java,
cassandra,C:\Users\ismak\Documents\GitHub\relation_test_code_smell_ML\dataset\projects\cassandra\test\unit\org\apache\cassandra\index\sai\cql\types\collections\lists\ListFrozenCollectionTest.java,
cassandra,C:\Users\ismak\Documents\GitHub\relation_test_code_smell_ML\dataset\projects\cassandra\test\unit\org\apache\cassandra\index\sai\cql\types\collections\lists\ListInetTest.java,
cassandra,C:\Users\ismak\Documents\GitHub\relation_test_code_smell_ML\dataset\projects\cassandra\test\unit\org\apache\cassandra\index\sai\cql\types\collections\lists\ListIntTest.java,
cassandra,C:\Users\ismak\Documents\GitHub\relation_test_code_smell_ML\dataset\projects\cassandra\test\unit\org\apache\cassandra\index\sai\cql\types\collections\lists\ListSmallintTest.java,
cassandra,C:\Users\ismak\Documents\GitHub\relation_test_code_smell_ML\dataset\projects\cassandra\test\unit\org\apache\cassandra\index\sai\cql\types\collections\lists\ListTextTest.java,
cassandra,C:\Users\ismak\Documents\GitHub\relation_test_code_smell_ML\dataset\projects\cassandra\test\unit\org\apache\cassandra\index\sai\cql\types\collections\lists\ListTimestampTest.java,
cassandra,C:\Users\ismak\Documents\GitHub\relation_test_code_smell_ML\dataset\projects\cassandra\test\unit\org\apache\cassandra\index\sai\cql\types\collections\lists\ListTimeTest.java,
cassandra,C:\Users\ismak\Documents\GitHub\relation_test_code_smell_ML\dataset\projects\cassandra\test\unit\org\apache\cassandra\index\sai\cql\types\collections\lists\ListTimeuuidTest.java,
cassandra,C:\Users\ismak\Documents\GitHub\relation_test_code_smell_ML\dataset\projects\cassandra\test\unit\org\apache\cassandra\index\sai\cql\types\collections\lists\ListTinyintTest.java,
cassandra,C:\Users\ismak\Documents\GitHub\relation_test_code_smell_ML\dataset\projects\cassandra\test\unit\org\apache\cassandra\index\sai\cql\types\collections\lists\ListUuidTest.java,
cassandra,C:\Users\ismak\Documents\GitHub\relation_test_code_smell_ML\dataset\projects\cassandra\test\unit\org\apache\cassandra\index\sai\cql\types\collections\lists\ListVarintTest.java,
cassandra,C:\Users\ismak\Documents\GitHub\relation_test_code_smell_ML\dataset\projects\cassandra\test\unit\org\apache\cassandra\index\sai\cql\types\collections\maps\FrozenMapAsciiTest.java,
cassandra,C:\Users\ismak\Documents\GitHub\relation_test_code_smell_ML\dataset\projects\cassandra\test\unit\org\apache\cassandra\index\sai\cql\types\collections\maps\FrozenMapDecimalTest.java,
cassandra,C:\Users\ismak\Documents\GitHub\relation_test_code_smell_ML\dataset\projects\cassandra\test\unit\org\apache\cassandra\index\sai\cql\types\collections\maps\FrozenMapIntTest.java,
cassandra,C:\Users\ismak\Documents\GitHub\relation_test_code_smell_ML\dataset\projects\cassandra\test\unit\org\apache\cassandra\index\sai\cql\types\collections\maps\FrozenMapVarintTest.java,
cassandra,C:\Users\ismak\Documents\GitHub\relation_test_code_smell_ML\dataset\projects\cassandra\test\unit\org\apache\cassandra\index\sai\cql\types\collections\maps\MapAsciiTest.java,
cassandra,C:\Users\ismak\Documents\GitHub\relation_test_code_smell_ML\dataset\projects\cassandra\test\unit\org\apache\cassandra\index\sai\cql\types\collections\maps\MapBigintTest.java,
cassandra,C:\Users\ismak\Documents\GitHub\relation_test_code_smell_ML\dataset\projects\cassandra\test\unit\org\apache\cassandra\index\sai\cql\types\collections\maps\MapDateTest.java,
cassandra,C:\Users\ismak\Documents\GitHub\relation_test_code_smell_ML\dataset\projects\cassandra\test\unit\org\apache\cassandra\index\sai\cql\types\collections\maps\MapDecimalTest.java,
cassandra,C:\Users\ismak\Documents\GitHub\relation_test_code_smell_ML\dataset\projects\cassandra\test\unit\org\apache\cassandra\index\sai\cql\types\collections\maps\MapDoubleTest.java,
cassandra,C:\Users\ismak\Documents\GitHub\relation_test_code_smell_ML\dataset\projects\cassandra\test\unit\org\apache\cassandra\index\sai\cql\types\collections\maps\MapEntriesAsciiTest.java,
cassandra,C:\Users\ismak\Documents\GitHub\relation_test_code_smell_ML\dataset\projects\cassandra\test\unit\org\apache\cassandra\index\sai\cql\types\collections\maps\MapEntriesFrozenCollectionTest.java,
cassandra,C:\Users\ismak\Documents\GitHub\relation_test_code_smell_ML\dataset\projects\cassandra\test\unit\org\apache\cassandra\index\sai\cql\types\collections\maps\MapEntriesIntTest.java,
cassandra,C:\Users\ismak\Documents\GitHub\relation_test_code_smell_ML\dataset\projects\cassandra\test\unit\org\apache\cassandra\index\sai\cql\types\collections\maps\MapEntriesVarintTest.java,
cassandra,C:\Users\ismak\Documents\GitHub\relation_test_code_smell_ML\dataset\projects\cassandra\test\unit\org\apache\cassandra\index\sai\cql\types\collections\maps\MapFloatTest.java,
cassandra,C:\Users\ismak\Documents\GitHub\relation_test_code_smell_ML\dataset\projects\cassandra\test\unit\org\apache\cassandra\index\sai\cql\types\collections\maps\MapFrozenCollectionTest.java,
cassandra,C:\Users\ismak\Documents\GitHub\relation_test_code_smell_ML\dataset\projects\cassandra\test\unit\org\apache\cassandra\index\sai\cql\types\collections\maps\MapInetTest.java,
cassandra,C:\Users\ismak\Documents\GitHub\relation_test_code_smell_ML\dataset\projects\cassandra\test\unit\org\apache\cassandra\index\sai\cql\types\collections\maps\MapIntTest.java,
cassandra,C:\Users\ismak\Documents\GitHub\relation_test_code_smell_ML\dataset\projects\cassandra\test\unit\org\apache\cassandra\index\sai\cql\types\collections\maps\MapKeysAsciiTest.java,
cassandra,C:\Users\ismak\Documents\GitHub\relation_test_code_smell_ML\dataset\projects\cassandra\test\unit\org\apache\cassandra\index\sai\cql\types\collections\maps\MapKeysFrozenCollectionTest.java,
cassandra,C:\Users\ismak\Documents\GitHub\relation_test_code_smell_ML\dataset\projects\cassandra\test\unit\org\apache\cassandra\index\sai\cql\types\collections\maps\MapKeysIntTest.java,
cassandra,C:\Users\ismak\Documents\GitHub\relation_test_code_smell_ML\dataset\projects\cassandra\test\unit\org\apache\cassandra\index\sai\cql\types\collections\maps\MapKeysVarintTest.java,
cassandra,C:\Users\ismak\Documents\GitHub\relation_test_code_smell_ML\dataset\projects\cassandra\test\unit\org\apache\cassandra\index\sai\cql\types\collections\maps\MapSmallintTest.java,
cassandra,C:\Users\ismak\Documents\GitHub\relation_test_code_smell_ML\dataset\projects\cassandra\test\unit\org\apache\cassandra\index\sai\cql\types\collections\maps\MapTextTest.java,
cassandra,C:\Users\ismak\Documents\GitHub\relation_test_code_smell_ML\dataset\projects\cassandra\test\unit\org\apache\cassandra\index\sai\cql\types\collections\maps\MapTimestampTest.java,
cassandra,C:\Users\ismak\Documents\GitHub\relation_test_code_smell_ML\dataset\projects\cassandra\test\unit\org\apache\cassandra\index\sai\cql\types\collections\maps\MapTimeTest.java,
cassandra,C:\Users\ismak\Documents\GitHub\relation_test_code_smell_ML\dataset\projects\cassandra\test\unit\org\apache\cassandra\index\sai\cql\types\collections\maps\MapTimeuuidTest.java,
cassandra,C:\Users\ismak\Documents\GitHub\relation_test_code_smell_ML\dataset\projects\cassandra\test\unit\org\apache\cassandra\index\sai\cql\types\collections\maps\MapTinyintTest.java,
cassandra,C:\Users\ismak\Documents\GitHub\relation_test_code_smell_ML\dataset\projects\cassandra\test\unit\org\apache\cassandra\index\sai\cql\types\collections\maps\MapUuidTest.java,
cassandra,C:\Users\ismak\Documents\GitHub\relation_test_code_smell_ML\dataset\projects\cassandra\test\unit\org\apache\cassandra\index\sai\cql\types\collections\maps\MapValuesAsciiTest.java,
cassandra,C:\Users\ismak\Documents\GitHub\relation_test_code_smell_ML\dataset\projects\cassandra\test\unit\org\apache\cassandra\index\sai\cql\types\collections\maps\MapValuesFrozenCollectionTest.java,
cassandra,C:\Users\ismak\Documents\GitHub\relation_test_code_smell_ML\dataset\projects\cassandra\test\unit\org\apache\cassandra\index\sai\cql\types\collections\maps\MapValuesIntTest.java,
cassandra,C:\Users\ismak\Documents\GitHub\relation_test_code_smell_ML\dataset\projects\cassandra\test\unit\org\apache\cassandra\index\sai\cql\types\collections\maps\MapValuesVarintTest.java,
cassandra,C:\Users\ismak\Documents\GitHub\relation_test_code_smell_ML\dataset\projects\cassandra\test\unit\org\apache\cassandra\index\sai\cql\types\collections\maps\MapVarintTest.java,
cassandra,C:\Users\ismak\Documents\GitHub\relation_test_code_smell_ML\dataset\projects\cassandra\test\unit\org\apache\cassandra\index\sai\cql\types\collections\maps\MultiMapAsciiTest.java,
cassandra,C:\Users\ismak\Documents\GitHub\relation_test_code_smell_ML\dataset\projects\cassandra\test\unit\org\apache\cassandra\index\sai\cql\types\collections\maps\MultiMapIntTest.java,
cassandra,C:\Users\ismak\Documents\GitHub\relation_test_code_smell_ML\dataset\projects\cassandra\test\unit\org\apache\cassandra\index\sai\cql\types\collections\maps\MultiMapVarintTest.java,
cassandra,C:\Users\ismak\Documents\GitHub\relation_test_code_smell_ML\dataset\projects\cassandra\test\unit\org\apache\cassandra\index\sai\cql\types\collections\sets\FrozenSetAsciiTest.java,
cassandra,C:\Users\ismak\Documents\GitHub\relation_test_code_smell_ML\dataset\projects\cassandra\test\unit\org\apache\cassandra\index\sai\cql\types\collections\sets\FrozenSetDecimalTest.java,
cassandra,C:\Users\ismak\Documents\GitHub\relation_test_code_smell_ML\dataset\projects\cassandra\test\unit\org\apache\cassandra\index\sai\cql\types\collections\sets\FrozenSetIntTest.java,
cassandra,C:\Users\ismak\Documents\GitHub\relation_test_code_smell_ML\dataset\projects\cassandra\test\unit\org\apache\cassandra\index\sai\cql\types\collections\sets\FrozenSetVarintTest.java,
cassandra,C:\Users\ismak\Documents\GitHub\relation_test_code_smell_ML\dataset\projects\cassandra\test\unit\org\apache\cassandra\index\sai\cql\types\collections\sets\SetAsciiTest.java,
cassandra,C:\Users\ismak\Documents\GitHub\relation_test_code_smell_ML\dataset\projects\cassandra\test\unit\org\apache\cassandra\index\sai\cql\types\collections\sets\SetBigintTest.java,
cassandra,C:\Users\ismak\Documents\GitHub\relation_test_code_smell_ML\dataset\projects\cassandra\test\unit\org\apache\cassandra\index\sai\cql\types\collections\sets\SetDateTest.java,
cassandra,C:\Users\ismak\Documents\GitHub\relation_test_code_smell_ML\dataset\projects\cassandra\test\unit\org\apache\cassandra\index\sai\cql\types\collections\sets\SetDecimalTest.java,
cassandra,C:\Users\ismak\Documents\GitHub\relation_test_code_smell_ML\dataset\projects\cassandra\test\unit\org\apache\cassandra\index\sai\cql\types\collections\sets\SetDoubleTest.java,
cassandra,C:\Users\ismak\Documents\GitHub\relation_test_code_smell_ML\dataset\projects\cassandra\test\unit\org\apache\cassandra\index\sai\cql\types\collections\sets\SetFloatTest.java,
cassandra,C:\Users\ismak\Documents\GitHub\relation_test_code_smell_ML\dataset\projects\cassandra\test\unit\org\apache\cassandra\index\sai\cql\types\collections\sets\SetFrozenCollectionTest.java,
cassandra,C:\Users\ismak\Documents\GitHub\relation_test_code_smell_ML\dataset\projects\cassandra\test\unit\org\apache\cassandra\index\sai\cql\types\collections\sets\SetInetTest.java,
cassandra,C:\Users\ismak\Documents\GitHub\relation_test_code_smell_ML\dataset\projects\cassandra\test\unit\org\apache\cassandra\index\sai\cql\types\collections\sets\SetIntTest.java,
cassandra,C:\Users\ismak\Documents\GitHub\relation_test_code_smell_ML\dataset\projects\cassandra\test\unit\org\apache\cassandra\index\sai\cql\types\collections\sets\SetSmallintTest.java,
cassandra,C:\Users\ismak\Documents\GitHub\relation_test_code_smell_ML\dataset\projects\cassandra\test\unit\org\apache\cassandra\index\sai\cql\types\collections\sets\SetTextTest.java,
cassandra,C:\Users\ismak\Documents\GitHub\relation_test_code_smell_ML\dataset\projects\cassandra\test\unit\org\apache\cassandra\index\sai\cql\types\collections\sets\SetTimestampTest.java,
cassandra,C:\Users\ismak\Documents\GitHub\relation_test_code_smell_ML\dataset\projects\cassandra\test\unit\org\apache\cassandra\index\sai\cql\types\collections\sets\SetTimeTest.java,
cassandra,C:\Users\ismak\Documents\GitHub\relation_test_code_smell_ML\dataset\projects\cassandra\test\unit\org\apache\cassandra\index\sai\cql\types\collections\sets\SetTimeuuidTest.java,
cassandra,C:\Users\ismak\Documents\GitHub\relation_test_code_smell_ML\dataset\projects\cassandra\test\unit\org\apache\cassandra\index\sai\cql\types\collections\sets\SetTinyintTest.java,
cassandra,C:\Users\ismak\Documents\GitHub\relation_test_code_smell_ML\dataset\projects\cassandra\test\unit\org\apache\cassandra\index\sai\cql\types\collections\sets\SetUuidTest.java,
cassandra,C:\Users\ismak\Documents\GitHub\relation_test_code_smell_ML\dataset\projects\cassandra\test\unit\org\apache\cassandra\index\sai\cql\types\collections\sets\SetVarintTest.java,
cassandra,C:\Users\ismak\Documents\GitHub\relation_test_code_smell_ML\dataset\projects\cassandra\test\unit\org\apache\cassandra\index\sai\cql\types\DateTest.java,
cassandra,C:\Users\ismak\Documents\GitHub\relation_test_code_smell_ML\dataset\projects\cassandra\test\unit\org\apache\cassandra\index\sai\cql\types\DecimalTest.java,
cassandra,C:\Users\ismak\Documents\GitHub\relation_test_code_smell_ML\dataset\projects\cassandra\test\unit\org\apache\cassandra\index\sai\cql\types\DoubleTest.java,
cassandra,C:\Users\ismak\Documents\GitHub\relation_test_code_smell_ML\dataset\projects\cassandra\test\unit\org\apache\cassandra\index\sai\cql\types\FloatTest.java,
cassandra,C:\Users\ismak\Documents\GitHub\relation_test_code_smell_ML\dataset\projects\cassandra\test\unit\org\apache\cassandra\index\sai\cql\types\InetTest.java,
cassandra,C:\Users\ismak\Documents\GitHub\relation_test_code_smell_ML\dataset\projects\cassandra\test\unit\org\apache\cassandra\index\sai\cql\types\IntTest.java,
cassandra,C:\Users\ismak\Documents\GitHub\relation_test_code_smell_ML\dataset\projects\cassandra\test\unit\org\apache\cassandra\index\sai\cql\types\multicell\FrozenTupleCollectionTest.java,
cassandra,C:\Users\ismak\Documents\GitHub\relation_test_code_smell_ML\dataset\projects\cassandra\test\unit\org\apache\cassandra\index\sai\cql\types\multicell\FrozenTupleTest.java,
cassandra,C:\Users\ismak\Documents\GitHub\relation_test_code_smell_ML\dataset\projects\cassandra\test\unit\org\apache\cassandra\index\sai\cql\types\multicell\FrozenTupleTupleTest.java,
cassandra,C:\Users\ismak\Documents\GitHub\relation_test_code_smell_ML\dataset\projects\cassandra\test\unit\org\apache\cassandra\index\sai\cql\types\multicell\FrozenUDTCollectionTest.java,
cassandra,C:\Users\ismak\Documents\GitHub\relation_test_code_smell_ML\dataset\projects\cassandra\test\unit\org\apache\cassandra\index\sai\cql\types\multicell\FrozenUDTTest.java,
cassandra,C:\Users\ismak\Documents\GitHub\relation_test_code_smell_ML\dataset\projects\cassandra\test\unit\org\apache\cassandra\index\sai\cql\types\multicell\TupleTest.java,
cassandra,C:\Users\ismak\Documents\GitHub\relation_test_code_smell_ML\dataset\projects\cassandra\test\unit\org\apache\cassandra\index\sai\cql\types\NumericTypeSortingTest.java,
cassandra,C:\Users\ismak\Documents\GitHub\relation_test_code_smell_ML\dataset\projects\cassandra\test\unit\org\apache\cassandra\index\sai\cql\types\SmallintTest.java,
cassandra,C:\Users\ismak\Documents\GitHub\relation_test_code_smell_ML\dataset\projects\cassandra\test\unit\org\apache\cassandra\index\sai\cql\types\TextTest.java,
cassandra,C:\Users\ismak\Documents\GitHub\relation_test_code_smell_ML\dataset\projects\cassandra\test\unit\org\apache\cassandra\index\sai\cql\types\TimestampTest.java,
cassandra,C:\Users\ismak\Documents\GitHub\relation_test_code_smell_ML\dataset\projects\cassandra\test\unit\org\apache\cassandra\index\sai\cql\types\TimeTest.java,
cassandra,C:\Users\ismak\Documents\GitHub\relation_test_code_smell_ML\dataset\projects\cassandra\test\unit\org\apache\cassandra\index\sai\cql\types\TimeuuidTest.java,
cassandra,C:\Users\ismak\Documents\GitHub\relation_test_code_smell_ML\dataset\projects\cassandra\test\unit\org\apache\cassandra\index\sai\cql\types\TinyintTest.java,
cassandra,C:\Users\ismak\Documents\GitHub\relation_test_code_smell_ML\dataset\projects\cassandra\test\unit\org\apache\cassandra\index\sai\cql\types\UuidTest.java,
cassandra,C:\Users\ismak\Documents\GitHub\relation_test_code_smell_ML\dataset\projects\cassandra\test\unit\org\apache\cassandra\index\sai\cql\types\VarintTest.java,
cassandra,C:\Users\ismak\Documents\GitHub\relation_test_code_smell_ML\dataset\projects\cassandra\test\unit\org\apache\cassandra\index\sai\cql\UnindexedExpressionsTest.java,
cassandra,C:\Users\ismak\Documents\GitHub\relation_test_code_smell_ML\dataset\projects\cassandra\test\unit\org\apache\cassandra\index\sai\cql\VectorInvalidQueryTest.java,
cassandra,C:\Users\ismak\Documents\GitHub\relation_test_code_smell_ML\dataset\projects\cassandra\test\unit\org\apache\cassandra\index\sai\cql\VectorLocalTest.java,
cassandra,C:\Users\ismak\Documents\GitHub\relation_test_code_smell_ML\dataset\projects\cassandra\test\unit\org\apache\cassandra\index\sai\cql\VectorSegmentationTest.java,
cassandra,C:\Users\ismak\Documents\GitHub\relation_test_code_smell_ML\dataset\projects\cassandra\test\unit\org\apache\cassandra\index\sai\cql\VectorSiftSmallTest.java,
cassandra,C:\Users\ismak\Documents\GitHub\relation_test_code_smell_ML\dataset\projects\cassandra\test\unit\org\apache\cassandra\index\sai\cql\VectorTypeTest.java,
cassandra,C:\Users\ismak\Documents\GitHub\relation_test_code_smell_ML\dataset\projects\cassandra\test\unit\org\apache\cassandra\index\sai\cql\VectorUpdateDeleteTest.java,
cassandra,C:\Users\ismak\Documents\GitHub\relation_test_code_smell_ML\dataset\projects\cassandra\test\unit\org\apache\cassandra\index\sai\disk\format\IndexDescriptorTest.java,
cassandra,C:\Users\ismak\Documents\GitHub\relation_test_code_smell_ML\dataset\projects\cassandra\test\unit\org\apache\cassandra\index\sai\disk\format\VersionTest.java,
cassandra,C:\Users\ismak\Documents\GitHub\relation_test_code_smell_ML\dataset\projects\cassandra\test\unit\org\apache\cassandra\index\sai\disk\NodeStartupTest.java,
cassandra,C:\Users\ismak\Documents\GitHub\relation_test_code_smell_ML\dataset\projects\cassandra\test\unit\org\apache\cassandra\index\sai\disk\SelectiveIntersectionTest.java,
cassandra,C:\Users\ismak\Documents\GitHub\relation_test_code_smell_ML\dataset\projects\cassandra\test\unit\org\apache\cassandra\index\sai\disk\SingleNodeQueryFailureTest.java,
cassandra,C:\Users\ismak\Documents\GitHub\relation_test_code_smell_ML\dataset\projects\cassandra\test\unit\org\apache\cassandra\index\sai\disk\v1\BalancedTreeIndexSearcherTest.java,
cassandra,C:\Users\ismak\Documents\GitHub\relation_test_code_smell_ML\dataset\projects\cassandra\test\unit\org\apache\cassandra\index\sai\disk\v1\bbtree\BlockBalancedTreePostingsWriterTest.java,
cassandra,C:\Users\ismak\Documents\GitHub\relation_test_code_smell_ML\dataset\projects\cassandra\test\unit\org\apache\cassandra\index\sai\disk\v1\bbtree\BlockBalancedTreeQueriesTest.java,
cassandra,C:\Users\ismak\Documents\GitHub\relation_test_code_smell_ML\dataset\projects\cassandra\test\unit\org\apache\cassandra\index\sai\disk\v1\bbtree\BlockBalancedTreeReaderTest.java,
cassandra,C:\Users\ismak\Documents\GitHub\relation_test_code_smell_ML\dataset\projects\cassandra\test\unit\org\apache\cassandra\index\sai\disk\v1\bbtree\BlockBalancedTreeTest.java,
cassandra,C:\Users\ismak\Documents\GitHub\relation_test_code_smell_ML\dataset\projects\cassandra\test\unit\org\apache\cassandra\index\sai\disk\v1\bbtree\LeafOrderMapTest.java,
cassandra,C:\Users\ismak\Documents\GitHub\relation_test_code_smell_ML\dataset\projects\cassandra\test\unit\org\apache\cassandra\index\sai\disk\v1\bbtree\NumericIndexWriterTest.java,
cassandra,C:\Users\ismak\Documents\GitHub\relation_test_code_smell_ML\dataset\projects\cassandra\test\unit\org\apache\cassandra\index\sai\disk\v1\bitpack\NumericValuesTest.java,
cassandra,C:\Users\ismak\Documents\GitHub\relation_test_code_smell_ML\dataset\projects\cassandra\test\unit\org\apache\cassandra\index\sai\disk\v1\InvertedIndexSearcherTest.java,
cassandra,C:\Users\ismak\Documents\GitHub\relation_test_code_smell_ML\dataset\projects\cassandra\test\unit\org\apache\cassandra\index\sai\disk\v1\keystore\KeyLookupTest.java,
cassandra,C:\Users\ismak\Documents\GitHub\relation_test_code_smell_ML\dataset\projects\cassandra\test\unit\org\apache\cassandra\index\sai\disk\v1\MetadataTest.java,
cassandra,C:\Users\ismak\Documents\GitHub\relation_test_code_smell_ML\dataset\projects\cassandra\test\unit\org\apache\cassandra\index\sai\disk\v1\postings\MergePostingListTest.java,
cassandra,C:\Users\ismak\Documents\GitHub\relation_test_code_smell_ML\dataset\projects\cassandra\test\unit\org\apache\cassandra\index\sai\disk\v1\postings\PostingsTest.java,
cassandra,C:\Users\ismak\Documents\GitHub\relation_test_code_smell_ML\dataset\projects\cassandra\test\unit\org\apache\cassandra\index\sai\disk\v1\SAICodecUtilsTest.java,
cassandra,C:\Users\ismak\Documents\GitHub\relation_test_code_smell_ML\dataset\projects\cassandra\test\unit\org\apache\cassandra\index\sai\disk\v1\segment\SegmentRamBufferTest.java,
cassandra,C:\Users\ismak\Documents\GitHub\relation_test_code_smell_ML\dataset\projects\cassandra\test\unit\org\apache\cassandra\index\sai\disk\v1\SegmentFlushTest.java,
cassandra,C:\Users\ismak\Documents\GitHub\relation_test_code_smell_ML\dataset\projects\cassandra\test\unit\org\apache\cassandra\index\sai\disk\v1\SegmentTest.java,
cassandra,C:\Users\ismak\Documents\GitHub\relation_test_code_smell_ML\dataset\projects\cassandra\test\unit\org\apache\cassandra\index\sai\disk\v1\SorterTest.java,
cassandra,C:\Users\ismak\Documents\GitHub\relation_test_code_smell_ML\dataset\projects\cassandra\test\unit\org\apache\cassandra\index\sai\disk\v1\TermsReaderTest.java,
cassandra,C:\Users\ismak\Documents\GitHub\relation_test_code_smell_ML\dataset\projects\cassandra\test\unit\org\apache\cassandra\index\sai\disk\v1\trie\TrieTermsDictionaryTest.java,
cassandra,C:\Users\ismak\Documents\GitHub\relation_test_code_smell_ML\dataset\projects\cassandra\test\unit\org\apache\cassandra\index\sai\disk\v1\WideRowPrimaryKeyTest.java,
cassandra,C:\Users\ismak\Documents\GitHub\relation_test_code_smell_ML\dataset\projects\cassandra\test\unit\org\apache\cassandra\index\sai\functional\CompactionTest.java,
cassandra,C:\Users\ismak\Documents\GitHub\relation_test_code_smell_ML\dataset\projects\cassandra\test\unit\org\apache\cassandra\index\sai\functional\DiskSpaceTest.java,
cassandra,C:\Users\ismak\Documents\GitHub\relation_test_code_smell_ML\dataset\projects\cassandra\test\unit\org\apache\cassandra\index\sai\functional\DropTableTest.java,
cassandra,C:\Users\ismak\Documents\GitHub\relation_test_code_smell_ML\dataset\projects\cassandra\test\unit\org\apache\cassandra\index\sai\functional\FailureTest.java,
cassandra,C:\Users\ismak\Documents\GitHub\relation_test_code_smell_ML\dataset\projects\cassandra\test\unit\org\apache\cassandra\index\sai\functional\FlushingTest.java,
cassandra,C:\Users\ismak\Documents\GitHub\relation_test_code_smell_ML\dataset\projects\cassandra\test\unit\org\apache\cassandra\index\sai\functional\GroupComponentsTest.java,
cassandra,C:\Users\ismak\Documents\GitHub\relation_test_code_smell_ML\dataset\projects\cassandra\test\unit\org\apache\cassandra\index\sai\functional\NodeRestartTest.java,
cassandra,C:\Users\ismak\Documents\GitHub\relation_test_code_smell_ML\dataset\projects\cassandra\test\unit\org\apache\cassandra\index\sai\functional\SnapshotTest.java,
cassandra,C:\Users\ismak\Documents\GitHub\relation_test_code_smell_ML\dataset\projects\cassandra\test\unit\org\apache\cassandra\index\sai\iterators\KeyRangeConcatIteratorTest.java,
cassandra,C:\Users\ismak\Documents\GitHub\relation_test_code_smell_ML\dataset\projects\cassandra\test\unit\org\apache\cassandra\index\sai\iterators\KeyRangeIntersectionIteratorTest.java,
cassandra,C:\Users\ismak\Documents\GitHub\relation_test_code_smell_ML\dataset\projects\cassandra\test\unit\org\apache\cassandra\index\sai\iterators\KeyRangeUnionIteratorTest.java,
cassandra,C:\Users\ismak\Documents\GitHub\relation_test_code_smell_ML\dataset\projects\cassandra\test\unit\org\apache\cassandra\index\sai\memory\InMemoryKeyRangeIteratorTest.java,
cassandra,C:\Users\ismak\Documents\GitHub\relation_test_code_smell_ML\dataset\projects\cassandra\test\unit\org\apache\cassandra\index\sai\memory\PriorityInMemoryKeyRangeIteratorTest.java,
cassandra,C:\Users\ismak\Documents\GitHub\relation_test_code_smell_ML\dataset\projects\cassandra\test\unit\org\apache\cassandra\index\sai\memory\TrieMemoryIndexTest.java,
cassandra,C:\Users\ismak\Documents\GitHub\relation_test_code_smell_ML\dataset\projects\cassandra\test\unit\org\apache\cassandra\index\sai\memory\VectorMemoryIndexTest.java,
cassandra,C:\Users\ismak\Documents\GitHub\relation_test_code_smell_ML\dataset\projects\cassandra\test\unit\org\apache\cassandra\index\sai\metrics\AbstractMetricsTest.java,
cassandra,C:\Users\ismak\Documents\GitHub\relation_test_code_smell_ML\dataset\projects\cassandra\test\unit\org\apache\cassandra\index\sai\metrics\FinalSegmentFlushingFailureTest.java,
cassandra,C:\Users\ismak\Documents\GitHub\relation_test_code_smell_ML\dataset\projects\cassandra\test\unit\org\apache\cassandra\index\sai\metrics\IndexGroupMetricsTest.java,
cassandra,C:\Users\ismak\Documents\GitHub\relation_test_code_smell_ML\dataset\projects\cassandra\test\unit\org\apache\cassandra\index\sai\metrics\IndexMetricsTest.java,
cassandra,C:\Users\ismak\Documents\GitHub\relation_test_code_smell_ML\dataset\projects\cassandra\test\unit\org\apache\cassandra\index\sai\metrics\IndexSelectionTest.java,
cassandra,C:\Users\ismak\Documents\GitHub\relation_test_code_smell_ML\dataset\projects\cassandra\test\unit\org\apache\cassandra\index\sai\metrics\QueryMetricsTest.java,
cassandra,C:\Users\ismak\Documents\GitHub\relation_test_code_smell_ML\dataset\projects\cassandra\test\unit\org\apache\cassandra\index\sai\metrics\StateMetricsTest.java,
cassandra,C:\Users\ismak\Documents\GitHub\relation_test_code_smell_ML\dataset\projects\cassandra\test\unit\org\apache\cassandra\index\sai\metrics\TinySegmentFlushingFailureTest.java,
cassandra,C:\Users\ismak\Documents\GitHub\relation_test_code_smell_ML\dataset\projects\cassandra\test\unit\org\apache\cassandra\index\sai\plan\ExpressionTest.java,
cassandra,C:\Users\ismak\Documents\GitHub\relation_test_code_smell_ML\dataset\projects\cassandra\test\unit\org\apache\cassandra\index\sai\plan\FlushIndexWhileQueryingTest.java,
cassandra,C:\Users\ismak\Documents\GitHub\relation_test_code_smell_ML\dataset\projects\cassandra\test\unit\org\apache\cassandra\index\sai\plan\OperationTest.java,
cassandra,C:\Users\ismak\Documents\GitHub\relation_test_code_smell_ML\dataset\projects\cassandra\test\unit\org\apache\cassandra\index\sai\postings\PeekablePostingListTest.java,
cassandra,C:\Users\ismak\Documents\GitHub\relation_test_code_smell_ML\dataset\projects\cassandra\test\unit\org\apache\cassandra\index\sai\utils\IndexTermTypeTest.java,
cassandra,C:\Users\ismak\Documents\GitHub\relation_test_code_smell_ML\dataset\projects\cassandra\test\unit\org\apache\cassandra\index\sai\utils\NamedMemoryLimiterTest.java,
cassandra,C:\Users\ismak\Documents\GitHub\relation_test_code_smell_ML\dataset\projects\cassandra\test\unit\org\apache\cassandra\index\sai\utils\PrimaryKeyTest.java,
cassandra,C:\Users\ismak\Documents\GitHub\relation_test_code_smell_ML\dataset\projects\cassandra\test\unit\org\apache\cassandra\index\sai\virtual\IndexesSystemViewTest.java,
cassandra,C:\Users\ismak\Documents\GitHub\relation_test_code_smell_ML\dataset\projects\cassandra\test\unit\org\apache\cassandra\index\sai\virtual\SegmentsSystemViewTest.java,
cassandra,C:\Users\ismak\Documents\GitHub\relation_test_code_smell_ML\dataset\projects\cassandra\test\unit\org\apache\cassandra\index\sai\virtual\SSTablesSystemViewTest.java,
cassandra,C:\Users\ismak\Documents\GitHub\relation_test_code_smell_ML\dataset\projects\cassandra\test\unit\org\apache\cassandra\index\sasi\analyzer\DelimiterAnalyzerTest.java,
cassandra,C:\Users\ismak\Documents\GitHub\relation_test_code_smell_ML\dataset\projects\cassandra\test\unit\org\apache\cassandra\index\sasi\analyzer\NonTokenizingAnalyzerTest.java,
cassandra,C:\Users\ismak\Documents\GitHub\relation_test_code_smell_ML\dataset\projects\cassandra\test\unit\org\apache\cassandra\index\sasi\analyzer\StandardAnalyzerTest.java,
cassandra,C:\Users\ismak\Documents\GitHub\relation_test_code_smell_ML\dataset\projects\cassandra\test\unit\org\apache\cassandra\index\sasi\conf\IndexModeTest.java,
cassandra,C:\Users\ismak\Documents\GitHub\relation_test_code_smell_ML\dataset\projects\cassandra\test\unit\org\apache\cassandra\index\sasi\disk\OnDiskIndexTest.java,
cassandra,C:\Users\ismak\Documents\GitHub\relation_test_code_smell_ML\dataset\projects\cassandra\test\unit\org\apache\cassandra\index\sasi\disk\PerSSTableIndexWriterTest.java,
cassandra,C:\Users\ismak\Documents\GitHub\relation_test_code_smell_ML\dataset\projects\cassandra\test\unit\org\apache\cassandra\index\sasi\disk\TokenTreeTest.java,
cassandra,C:\Users\ismak\Documents\GitHub\relation_test_code_smell_ML\dataset\projects\cassandra\test\unit\org\apache\cassandra\index\sasi\plan\ExpressionTest.java,
cassandra,C:\Users\ismak\Documents\GitHub\relation_test_code_smell_ML\dataset\projects\cassandra\test\unit\org\apache\cassandra\index\sasi\plan\OperationTest.java,
cassandra,C:\Users\ismak\Documents\GitHub\relation_test_code_smell_ML\dataset\projects\cassandra\test\unit\org\apache\cassandra\index\sasi\SASICQLTest.java,
cassandra,C:\Users\ismak\Documents\GitHub\relation_test_code_smell_ML\dataset\projects\cassandra\test\unit\org\apache\cassandra\index\sasi\SASIIndexTest.java,
cassandra,C:\Users\ismak\Documents\GitHub\relation_test_code_smell_ML\dataset\projects\cassandra\test\unit\org\apache\cassandra\index\sasi\utils\LongIteratorTest.java,
cassandra,C:\Users\ismak\Documents\GitHub\relation_test_code_smell_ML\dataset\projects\cassandra\test\unit\org\apache\cassandra\index\sasi\utils\MappedBufferTest.java,
cassandra,C:\Users\ismak\Documents\GitHub\relation_test_code_smell_ML\dataset\projects\cassandra\test\unit\org\apache\cassandra\index\sasi\utils\RangeIntersectionIteratorTest.java,
cassandra,C:\Users\ismak\Documents\GitHub\relation_test_code_smell_ML\dataset\projects\cassandra\test\unit\org\apache\cassandra\index\sasi\utils\RangeUnionIteratorTest.java,
cassandra,C:\Users\ismak\Documents\GitHub\relation_test_code_smell_ML\dataset\projects\cassandra\test\unit\org\apache\cassandra\index\SecondaryIndexManagerTest.java,
cassandra,C:\Users\ismak\Documents\GitHub\relation_test_code_smell_ML\dataset\projects\cassandra\test\unit\org\apache\cassandra\io\compress\CompressedRandomAccessReaderTest.java,
cassandra,C:\Users\ismak\Documents\GitHub\relation_test_code_smell_ML\dataset\projects\cassandra\test\unit\org\apache\cassandra\io\compress\CompressedSequentialWriterReopenTest.java,
cassandra,C:\Users\ismak\Documents\GitHub\relation_test_code_smell_ML\dataset\projects\cassandra\test\unit\org\apache\cassandra\io\compress\CompressedSequentialWriterTest.java,
cassandra,C:\Users\ismak\Documents\GitHub\relation_test_code_smell_ML\dataset\projects\cassandra\test\unit\org\apache\cassandra\io\compress\CompressionMetadataTest.java,
cassandra,C:\Users\ismak\Documents\GitHub\relation_test_code_smell_ML\dataset\projects\cassandra\test\unit\org\apache\cassandra\io\compress\CompressorRegistryTest.java,
cassandra,C:\Users\ismak\Documents\GitHub\relation_test_code_smell_ML\dataset\projects\cassandra\test\unit\org\apache\cassandra\io\compress\CompressorTest.java,
cassandra,C:\Users\ismak\Documents\GitHub\relation_test_code_smell_ML\dataset\projects\cassandra\test\unit\org\apache\cassandra\io\compress\CQLCompressionTest.java,
cassandra,C:\Users\ismak\Documents\GitHub\relation_test_code_smell_ML\dataset\projects\cassandra\test\unit\org\apache\cassandra\io\compress\DirectCompressedSequentialWriterTest.java,
cassandra,C:\Users\ismak\Documents\GitHub\relation_test_code_smell_ML\dataset\projects\cassandra\test\unit\org\apache\cassandra\io\compress\ZstdCompressorTest.java,
cassandra,C:\Users\ismak\Documents\GitHub\relation_test_code_smell_ML\dataset\projects\cassandra\test\unit\org\apache\cassandra\io\compress\ZstdDictionaryCompressorTest.java,
cassandra,C:\Users\ismak\Documents\GitHub\relation_test_code_smell_ML\dataset\projects\cassandra\test\unit\org\apache\cassandra\io\DiskSpaceMetricsTest.java,
cassandra,C:\Users\ismak\Documents\GitHub\relation_test_code_smell_ML\dataset\projects\cassandra\test\unit\org\apache\cassandra\io\sstable\ComponentTest.java,
cassandra,C:\Users\ismak\Documents\GitHub\relation_test_code_smell_ML\dataset\projects\cassandra\test\unit\org\apache\cassandra\io\sstable\CQLSSTableWriterClientTest.java,
cassandra,C:\Users\ismak\Documents\GitHub\relation_test_code_smell_ML\dataset\projects\cassandra\test\unit\org\apache\cassandra\io\sstable\CQLSSTableWriterConcurrencyTest.java,
cassandra,C:\Users\ismak\Documents\GitHub\relation_test_code_smell_ML\dataset\projects\cassandra\test\unit\org\apache\cassandra\io\sstable\CQLSSTableWriterDaemonTest.java,
cassandra,C:\Users\ismak\Documents\GitHub\relation_test_code_smell_ML\dataset\projects\cassandra\test\unit\org\apache\cassandra\io\sstable\CQLSSTableWriterTest.java,
cassandra,C:\Users\ismak\Documents\GitHub\relation_test_code_smell_ML\dataset\projects\cassandra\test\unit\org\apache\cassandra\io\sstable\DescriptorTest.java,
cassandra,C:\Users\ismak\Documents\GitHub\relation_test_code_smell_ML\dataset\projects\cassandra\test\unit\org\apache\cassandra\io\sstable\filter\BloomFilterTrackerTest.java,
cassandra,C:\Users\ismak\Documents\GitHub\relation_test_code_smell_ML\dataset\projects\cassandra\test\unit\org\apache\cassandra\io\sstable\format\big\RowIndexEntryTest.java,
cassandra,C:\Users\ismak\Documents\GitHub\relation_test_code_smell_ML\dataset\projects\cassandra\test\unit\org\apache\cassandra\io\sstable\format\big\VersionSupportedFeaturesTest.java,
cassandra,C:\Users\ismak\Documents\GitHub\relation_test_code_smell_ML\dataset\projects\cassandra\test\unit\org\apache\cassandra\io\sstable\format\bti\LoadingBuilderTest.java,
cassandra,C:\Users\ismak\Documents\GitHub\relation_test_code_smell_ML\dataset\projects\cassandra\test\unit\org\apache\cassandra\io\sstable\format\bti\PartitionIndexTest.java,
cassandra,C:\Users\ismak\Documents\GitHub\relation_test_code_smell_ML\dataset\projects\cassandra\test\unit\org\apache\cassandra\io\sstable\format\bti\RowIndexTest.java,
cassandra,C:\Users\ismak\Documents\GitHub\relation_test_code_smell_ML\dataset\projects\cassandra\test\unit\org\apache\cassandra\io\sstable\format\bti\VersionSupportedFeaturesTest.java,
cassandra,C:\Users\ismak\Documents\GitHub\relation_test_code_smell_ML\dataset\projects\cassandra\test\unit\org\apache\cassandra\io\sstable\format\ColumnIndexTest.java,
cassandra,C:\Users\ismak\Documents\GitHub\relation_test_code_smell_ML\dataset\projects\cassandra\test\unit\org\apache\cassandra\io\sstable\format\DataComponentDirectWriteSelectionTest.java,
cassandra,C:\Users\ismak\Documents\GitHub\relation_test_code_smell_ML\dataset\projects\cassandra\test\unit\org\apache\cassandra\io\sstable\format\SSTableReaderDataReaderTest.java,
cassandra,C:\Users\ismak\Documents\GitHub\relation_test_code_smell_ML\dataset\projects\cassandra\test\unit\org\apache\cassandra\io\sstable\format\TOCComponentTest.java,
cassandra,C:\Users\ismak\Documents\GitHub\relation_test_code_smell_ML\dataset\projects\cassandra\test\unit\org\apache\cassandra\io\sstable\indexsummary\IndexSummaryManagerTest.java,
cassandra,C:\Users\ismak\Documents\GitHub\relation_test_code_smell_ML\dataset\projects\cassandra\test\unit\org\apache\cassandra\io\sstable\indexsummary\IndexSummaryRedistributionTest.java,
cassandra,C:\Users\ismak\Documents\GitHub\relation_test_code_smell_ML\dataset\projects\cassandra\test\unit\org\apache\cassandra\io\sstable\indexsummary\IndexSummaryTest.java,
cassandra,C:\Users\ismak\Documents\GitHub\relation_test_code_smell_ML\dataset\projects\cassandra\test\unit\org\apache\cassandra\io\sstable\keycache\KeyCacheTest.java,
cassandra,C:\Users\ismak\Documents\GitHub\relation_test_code_smell_ML\dataset\projects\cassandra\test\unit\org\apache\cassandra\io\sstable\LargePartitionsTest.java,
cassandra,C:\Users\ismak\Documents\GitHub\relation_test_code_smell_ML\dataset\projects\cassandra\test\unit\org\apache\cassandra\io\sstable\LegacySSTableTest.java,
cassandra,C:\Users\ismak\Documents\GitHub\relation_test_code_smell_ML\dataset\projects\cassandra\test\unit\org\apache\cassandra\io\sstable\metadata\MetadataSerializerTest.java,
cassandra,C:\Users\ismak\Documents\GitHub\relation_test_code_smell_ML\dataset\projects\cassandra\test\unit\org\apache\cassandra\io\sstable\RangeAwareSSTableWriterTest.java,
cassandra,C:\Users\ismak\Documents\GitHub\relation_test_code_smell_ML\dataset\projects\cassandra\test\unit\org\apache\cassandra\io\sstable\ScrubTest.java,
cassandra,C:\Users\ismak\Documents\GitHub\relation_test_code_smell_ML\dataset\projects\cassandra\test\unit\org\apache\cassandra\io\sstable\SSTableCorruptionDetectionTest.java,
cassandra,C:\Users\ismak\Documents\GitHub\relation_test_code_smell_ML\dataset\projects\cassandra\test\unit\org\apache\cassandra\io\sstable\SSTableFlushObserverTest.java,
cassandra,C:\Users\ismak\Documents\GitHub\relation_test_code_smell_ML\dataset\projects\cassandra\test\unit\org\apache\cassandra\io\sstable\SSTableFormatTest.java,
cassandra,C:\Users\ismak\Documents\GitHub\relation_test_code_smell_ML\dataset\projects\cassandra\test\unit\org\apache\cassandra\io\sstable\SSTableIdTest.java,
cassandra,C:\Users\ismak\Documents\GitHub\relation_test_code_smell_ML\dataset\projects\cassandra\test\unit\org\apache\cassandra\io\sstable\SSTableLoaderLegacyTest.java,
cassandra,C:\Users\ismak\Documents\GitHub\relation_test_code_smell_ML\dataset\projects\cassandra\test\unit\org\apache\cassandra\io\sstable\SSTableLoaderTest.java,
cassandra,C:\Users\ismak\Documents\GitHub\relation_test_code_smell_ML\dataset\projects\cassandra\test\unit\org\apache\cassandra\io\sstable\SSTableMetadataTest.java,
cassandra,C:\Users\ismak\Documents\GitHub\relation_test_code_smell_ML\dataset\projects\cassandra\test\unit\org\apache\cassandra\io\sstable\SSTableReaderTest.java,
cassandra,C:\Users\ismak\Documents\GitHub\relation_test_code_smell_ML\dataset\projects\cassandra\test\unit\org\apache\cassandra\io\sstable\SSTableRewriterTest.java,
cassandra,C:\Users\ismak\Documents\GitHub\relation_test_code_smell_ML\dataset\projects\cassandra\test\unit\org\apache\cassandra\io\sstable\SSTableScannerTest.java,
cassandra,C:\Users\ismak\Documents\GitHub\relation_test_code_smell_ML\dataset\projects\cassandra\test\unit\org\apache\cassandra\io\sstable\SSTableWriterTest.java,
cassandra,C:\Users\ismak\Documents\GitHub\relation_test_code_smell_ML\dataset\projects\cassandra\test\unit\org\apache\cassandra\io\sstable\SSTableWriterTransactionTest.java,
cassandra,C:\Users\ismak\Documents\GitHub\relation_test_code_smell_ML\dataset\projects\cassandra\test\unit\org\apache\cassandra\io\sstable\SSTableZeroCopyWriterTest.java,
cassandra,C:\Users\ismak\Documents\GitHub\relation_test_code_smell_ML\dataset\projects\cassandra\test\unit\org\apache\cassandra\io\sstable\VerifyTest.java,
cassandra,C:\Users\ismak\Documents\GitHub\relation_test_code_smell_ML\dataset\projects\cassandra\test\unit\org\apache\cassandra\io\tries\ReverseValueIteratorLeakTest.java,
cassandra,C:\Users\ismak\Documents\GitHub\relation_test_code_smell_ML\dataset\projects\cassandra\test\unit\org\apache\cassandra\io\tries\TrieBuilderTest.java,
cassandra,C:\Users\ismak\Documents\GitHub\relation_test_code_smell_ML\dataset\projects\cassandra\test\unit\org\apache\cassandra\io\tries\TrieNodeTest.java,
cassandra,C:\Users\ismak\Documents\GitHub\relation_test_code_smell_ML\dataset\projects\cassandra\test\unit\org\apache\cassandra\io\tries\WalkerTest.java,
cassandra,C:\Users\ismak\Documents\GitHub\relation_test_code_smell_ML\dataset\projects\cassandra\test\unit\org\apache\cassandra\io\util\BufferedDataOutputStreamTest.java,
cassandra,C:\Users\ismak\Documents\GitHub\relation_test_code_smell_ML\dataset\projects\cassandra\test\unit\org\apache\cassandra\io\util\BufferedRandomAccessFileTest.java,
cassandra,C:\Users\ismak\Documents\GitHub\relation_test_code_smell_ML\dataset\projects\cassandra\test\unit\org\apache\cassandra\io\util\ChecksumedDataTest.java,
cassandra,C:\Users\ismak\Documents\GitHub\relation_test_code_smell_ML\dataset\projects\cassandra\test\unit\org\apache\cassandra\io\util\ChecksummedRandomAccessReaderTest.java,
cassandra,C:\Users\ismak\Documents\GitHub\relation_test_code_smell_ML\dataset\projects\cassandra\test\unit\org\apache\cassandra\io\util\ChecksummedSequentialWriterTest.java,
cassandra,C:\Users\ismak\Documents\GitHub\relation_test_code_smell_ML\dataset\projects\cassandra\test\unit\org\apache\cassandra\io\util\DataOutputInputPlusTest.java,
cassandra,C:\Users\ismak\Documents\GitHub\relation_test_code_smell_ML\dataset\projects\cassandra\test\unit\org\apache\cassandra\io\util\DataOutputTest.java,
cassandra,C:\Users\ismak\Documents\GitHub\relation_test_code_smell_ML\dataset\projects\cassandra\test\unit\org\apache\cassandra\io\util\DirectThreadLocalByteBufferHolderTest.java,
cassandra,C:\Users\ismak\Documents\GitHub\relation_test_code_smell_ML\dataset\projects\cassandra\test\unit\org\apache\cassandra\io\util\DirectThreadLocalReadAheadBufferTest.java,
cassandra,C:\Users\ismak\Documents\GitHub\relation_test_code_smell_ML\dataset\projects\cassandra\test\unit\org\apache\cassandra\io\util\DiskOptimizationStrategyTest.java,
cassandra,C:\Users\ismak\Documents\GitHub\relation_test_code_smell_ML\dataset\projects\cassandra\test\unit\org\apache\cassandra\io\util\FileSegmentInputStreamTest.java,
cassandra,C:\Users\ismak\Documents\GitHub\relation_test_code_smell_ML\dataset\projects\cassandra\test\unit\org\apache\cassandra\io\util\FileTest.java,
cassandra,C:\Users\ismak\Documents\GitHub\relation_test_code_smell_ML\dataset\projects\cassandra\test\unit\org\apache\cassandra\io\util\FileUtilsTest.java,
cassandra,C:\Users\ismak\Documents\GitHub\relation_test_code_smell_ML\dataset\projects\cassandra\test\unit\org\apache\cassandra\io\util\MemoryTest.java,
cassandra,C:\Users\ismak\Documents\GitHub\relation_test_code_smell_ML\dataset\projects\cassandra\test\unit\org\apache\cassandra\io\util\MmappedRegionsTest.java,
cassandra,C:\Users\ismak\Documents\GitHub\relation_test_code_smell_ML\dataset\projects\cassandra\test\unit\org\apache\cassandra\io\util\NIODataInputStreamTest.java,
cassandra,C:\Users\ismak\Documents\GitHub\relation_test_code_smell_ML\dataset\projects\cassandra\test\unit\org\apache\cassandra\io\util\PageAwareTest.java,
cassandra,C:\Users\ismak\Documents\GitHub\relation_test_code_smell_ML\dataset\projects\cassandra\test\unit\org\apache\cassandra\io\util\RandomAccessReaderTest.java,
cassandra,C:\Users\ismak\Documents\GitHub\relation_test_code_smell_ML\dataset\projects\cassandra\test\unit\org\apache\cassandra\io\util\SafeMemoryWriterTest.java,
cassandra,C:\Users\ismak\Documents\GitHub\relation_test_code_smell_ML\dataset\projects\cassandra\test\unit\org\apache\cassandra\io\util\SequentialWriterTest.java,
cassandra,C:\Users\ismak\Documents\GitHub\relation_test_code_smell_ML\dataset\projects\cassandra\test\unit\org\apache\cassandra\io\util\SizedIntsTest.java,
cassandra,C:\Users\ismak\Documents\GitHub\relation_test_code_smell_ML\dataset\projects\cassandra\test\unit\org\apache\cassandra\io\util\TailOverridingRebuffererTest.java,
cassandra,C:\Users\ismak\Documents\GitHub\relation_test_code_smell_ML\dataset\projects\cassandra\test\unit\org\apache\cassandra\io\util\ThreadLocalReadAheadBufferTest.java,
cassandra,C:\Users\ismak\Documents\GitHub\relation_test_code_smell_ML\dataset\projects\cassandra\test\unit\org\apache\cassandra\io\util\WrappingRebuffererTest.java,
cassandra,C:\Users\ismak\Documents\GitHub\relation_test_code_smell_ML\dataset\projects\cassandra\test\unit\org\apache\cassandra\journal\DescriptorTest.java,
cassandra,C:\Users\ismak\Documents\GitHub\relation_test_code_smell_ML\dataset\projects\cassandra\test\unit\org\apache\cassandra\journal\IndexTest.java,
cassandra,C:\Users\ismak\Documents\GitHub\relation_test_code_smell_ML\dataset\projects\cassandra\test\unit\org\apache\cassandra\journal\JournalTest.java,
cassandra,C:\Users\ismak\Documents\GitHub\relation_test_code_smell_ML\dataset\projects\cassandra\test\unit\org\apache\cassandra\journal\MetadataTest.java,
cassandra,C:\Users\ismak\Documents\GitHub\relation_test_code_smell_ML\dataset\projects\cassandra\test\unit\org\apache\cassandra\journal\SegmentTest.java,
cassandra,C:\Users\ismak\Documents\GitHub\relation_test_code_smell_ML\dataset\projects\cassandra\test\unit\org\apache\cassandra\journal\TestParams.java,
cassandra,C:\Users\ismak\Documents\GitHub\relation_test_code_smell_ML\dataset\projects\cassandra\test\unit\org\apache\cassandra\locator\AlibabaCloudSnitchTest.java,
cassandra,C:\Users\ismak\Documents\GitHub\relation_test_code_smell_ML\dataset\projects\cassandra\test\unit\org\apache\cassandra\locator\AssureSufficientLiveNodesTest.java,
cassandra,C:\Users\ismak\Documents\GitHub\relation_test_code_smell_ML\dataset\projects\cassandra\test\unit\org\apache\cassandra\locator\AzureConnectorMockingTest.java,
cassandra,C:\Users\ismak\Documents\GitHub\relation_test_code_smell_ML\dataset\projects\cassandra\test\unit\org\apache\cassandra\locator\CloudstackSnitchTest.java,
cassandra,C:\Users\ismak\Documents\GitHub\relation_test_code_smell_ML\dataset\projects\cassandra\test\unit\org\apache\cassandra\locator\DefaultCloudMetadataServiceConnectorTest.java,
cassandra,C:\Users\ismak\Documents\GitHub\relation_test_code_smell_ML\dataset\projects\cassandra\test\unit\org\apache\cassandra\locator\DynamicEndpointSnitchTest.java,
cassandra,C:\Users\ismak\Documents\GitHub\relation_test_code_smell_ML\dataset\projects\cassandra\test\unit\org\apache\cassandra\locator\Ec2ConnectorTest.java,
cassandra,C:\Users\ismak\Documents\GitHub\relation_test_code_smell_ML\dataset\projects\cassandra\test\unit\org\apache\cassandra\locator\Ec2SnitchTest.java,
cassandra,C:\Users\ismak\Documents\GitHub\relation_test_code_smell_ML\dataset\projects\cassandra\test\unit\org\apache\cassandra\locator\Ec2V2ConnectorMockingTest.java,
cassandra,C:\Users\ismak\Documents\GitHub\relation_test_code_smell_ML\dataset\projects\cassandra\test\unit\org\apache\cassandra\locator\GoogleCloudSnitchTest.java,
cassandra,C:\Users\ismak\Documents\GitHub\relation_test_code_smell_ML\dataset\projects\cassandra\test\unit\org\apache\cassandra\locator\GossipingPropertyFileSnitchTest.java,
cassandra,C:\Users\ismak\Documents\GitHub\relation_test_code_smell_ML\dataset\projects\cassandra\test\unit\org\apache\cassandra\locator\InetAddressAndPortSerializerTest.java,
cassandra,C:\Users\ismak\Documents\GitHub\relation_test_code_smell_ML\dataset\projects\cassandra\test\unit\org\apache\cassandra\locator\InetAddressAndPortTest.java,
cassandra,C:\Users\ismak\Documents\GitHub\relation_test_code_smell_ML\dataset\projects\cassandra\test\unit\org\apache\cassandra\locator\MetaStrategyTest.java,
cassandra,C:\Users\ismak\Documents\GitHub\relation_test_code_smell_ML\dataset\projects\cassandra\test\unit\org\apache\cassandra\locator\NetworkTopologyStrategyTest.java,
cassandra,C:\Users\ismak\Documents\GitHub\relation_test_code_smell_ML\dataset\projects\cassandra\test\unit\org\apache\cassandra\locator\NodeProximityEndpointCompareTest.java,
cassandra,C:\Users\ismak\Documents\GitHub\relation_test_code_smell_ML\dataset\projects\cassandra\test\unit\org\apache\cassandra\locator\PendingRangesTest.java,
cassandra,C:\Users\ismak\Documents\GitHub\relation_test_code_smell_ML\dataset\projects\cassandra\test\unit\org\apache\cassandra\locator\PropertyFileSnitchTest.java,
cassandra,C:\Users\ismak\Documents\GitHub\relation_test_code_smell_ML\dataset\projects\cassandra\test\unit\org\apache\cassandra\locator\ReconnectableSnitchHelperTest.java,
cassandra,C:\Users\ismak\Documents\GitHub\relation_test_code_smell_ML\dataset\projects\cassandra\test\unit\org\apache\cassandra\locator\ReplicaCollectionTest.java,
cassandra,C:\Users\ismak\Documents\GitHub\relation_test_code_smell_ML\dataset\projects\cassandra\test\unit\org\apache\cassandra\locator\ReplicaLayoutTest.java,
cassandra,C:\Users\ismak\Documents\GitHub\relation_test_code_smell_ML\dataset\projects\cassandra\test\unit\org\apache\cassandra\locator\ReplicaPlansTest.java,
cassandra,C:\Users\ismak\Documents\GitHub\relation_test_code_smell_ML\dataset\projects\cassandra\test\unit\org\apache\cassandra\locator\ReplicationFactorTest.java,
cassandra,C:\Users\ismak\Documents\GitHub\relation_test_code_smell_ML\dataset\projects\cassandra\test\unit\org\apache\cassandra\locator\SimpleSeedProviderTest.java,
cassandra,C:\Users\ismak\Documents\GitHub\relation_test_code_smell_ML\dataset\projects\cassandra\test\unit\org\apache\cassandra\locator\SimpleStrategyTest.java,
cassandra,C:\Users\ismak\Documents\GitHub\relation_test_code_smell_ML\dataset\projects\cassandra\test\unit\org\apache\cassandra\locator\SnitchUtilsTest.java,
cassandra,C:\Users\ismak\Documents\GitHub\relation_test_code_smell_ML\dataset\projects\cassandra\test\unit\org\apache\cassandra\metrics\BatchMetricsTest.java,
cassandra,C:\Users\ismak\Documents\GitHub\relation_test_code_smell_ML\dataset\projects\cassandra\test\unit\org\apache\cassandra\metrics\BufferPoolMetricsTest.java,
cassandra,C:\Users\ismak\Documents\GitHub\relation_test_code_smell_ML\dataset\projects\cassandra\test\unit\org\apache\cassandra\metrics\CacheMetricsTest.java,
cassandra,C:\Users\ismak\Documents\GitHub\relation_test_code_smell_ML\dataset\projects\cassandra\test\unit\org\apache\cassandra\metrics\CassandraMetricsRegistryTest.java,
cassandra,C:\Users\ismak\Documents\GitHub\relation_test_code_smell_ML\dataset\projects\cassandra\test\unit\org\apache\cassandra\metrics\ClientMetricsTest.java,
cassandra,C:\Users\ismak\Documents\GitHub\relation_test_code_smell_ML\dataset\projects\cassandra\test\unit\org\apache\cassandra\metrics\ClientRequestMetricsTest.java,
cassandra,C:\Users\ismak\Documents\GitHub\relation_test_code_smell_ML\dataset\projects\cassandra\test\unit\org\apache\cassandra\metrics\ClientRequestRowAndColumnMetricsTest.java,
cassandra,C:\Users\ismak\Documents\GitHub\relation_test_code_smell_ML\dataset\projects\cassandra\test\unit\org\apache\cassandra\metrics\ClientRequestSizeMetricsTest.java,
cassandra,C:\Users\ismak\Documents\GitHub\relation_test_code_smell_ML\dataset\projects\cassandra\test\unit\org\apache\cassandra\metrics\CQLMetricsTest.java,
cassandra,C:\Users\ismak\Documents\GitHub\relation_test_code_smell_ML\dataset\projects\cassandra\test\unit\org\apache\cassandra\metrics\DecayingEstimatedHistogramReservoirTest.java,
cassandra,C:\Users\ismak\Documents\GitHub\relation_test_code_smell_ML\dataset\projects\cassandra\test\unit\org\apache\cassandra\metrics\HintedHandOffMetricsTest.java,
cassandra,C:\Users\ismak\Documents\GitHub\relation_test_code_smell_ML\dataset\projects\cassandra\test\unit\org\apache\cassandra\metrics\HitRateTest.java,
cassandra,C:\Users\ismak\Documents\GitHub\relation_test_code_smell_ML\dataset\projects\cassandra\test\unit\org\apache\cassandra\metrics\JmxVirtualTableMetricsTest.java,
cassandra,C:\Users\ismak\Documents\GitHub\relation_test_code_smell_ML\dataset\projects\cassandra\test\unit\org\apache\cassandra\metrics\KeyspaceMetricsTest.java,
cassandra,C:\Users\ismak\Documents\GitHub\relation_test_code_smell_ML\dataset\projects\cassandra\test\unit\org\apache\cassandra\metrics\LatencyMetricsTest.java,
cassandra,C:\Users\ismak\Documents\GitHub\relation_test_code_smell_ML\dataset\projects\cassandra\test\unit\org\apache\cassandra\metrics\LogLinearDecayingHistogramTest.java,
cassandra,C:\Users\ismak\Documents\GitHub\relation_test_code_smell_ML\dataset\projects\cassandra\test\unit\org\apache\cassandra\metrics\LogLinearHistogramTest.java,
cassandra,C:\Users\ismak\Documents\GitHub\relation_test_code_smell_ML\dataset\projects\cassandra\test\unit\org\apache\cassandra\metrics\MaxSamplerTest.java,
cassandra,C:\Users\ismak\Documents\GitHub\relation_test_code_smell_ML\dataset\projects\cassandra\test\unit\org\apache\cassandra\metrics\SamplerTest.java,
cassandra,C:\Users\ismak\Documents\GitHub\relation_test_code_smell_ML\dataset\projects\cassandra\test\unit\org\apache\cassandra\metrics\TableMetricsTest.java,
cassandra,C:\Users\ismak\Documents\GitHub\relation_test_code_smell_ML\dataset\projects\cassandra\test\unit\org\apache\cassandra\metrics\ThreadLocalCounterTest.java,
cassandra,C:\Users\ismak\Documents\GitHub\relation_test_code_smell_ML\dataset\projects\cassandra\test\unit\org\apache\cassandra\metrics\ThreadLocalHistogramTest.java,
cassandra,C:\Users\ismak\Documents\GitHub\relation_test_code_smell_ML\dataset\projects\cassandra\test\unit\org\apache\cassandra\metrics\ThreadLocalMeterTest.java,
cassandra,C:\Users\ismak\Documents\GitHub\relation_test_code_smell_ML\dataset\projects\cassandra\test\unit\org\apache\cassandra\metrics\ThreadPoolMetricsTest.java,
cassandra,C:\Users\ismak\Documents\GitHub\relation_test_code_smell_ML\dataset\projects\cassandra\test\unit\org\apache\cassandra\metrics\TopFrequencySamplerTest.java,
cassandra,C:\Users\ismak\Documents\GitHub\relation_test_code_smell_ML\dataset\projects\cassandra\test\unit\org\apache\cassandra\metrics\TrieMemtableMetricsTest.java,
cassandra,C:\Users\ismak\Documents\GitHub\relation_test_code_smell_ML\dataset\projects\cassandra\test\unit\org\apache\cassandra\net\AsyncChannelPromiseTest.java,
cassandra,C:\Users\ismak\Documents\GitHub\relation_test_code_smell_ML\dataset\projects\cassandra\test\unit\org\apache\cassandra\net\AsyncMessageOutputPlusTest.java,
cassandra,C:\Users\ismak\Documents\GitHub\relation_test_code_smell_ML\dataset\projects\cassandra\test\unit\org\apache\cassandra\net\AsyncOneResponseTest.java,
cassandra,C:\Users\ismak\Documents\GitHub\relation_test_code_smell_ML\dataset\projects\cassandra\test\unit\org\apache\cassandra\net\AsyncStreamingInputPlusTest.java,
cassandra,C:\Users\ismak\Documents\GitHub\relation_test_code_smell_ML\dataset\projects\cassandra\test\unit\org\apache\cassandra\net\AsyncStreamingOutputPlusTest.java,
cassandra,C:\Users\ismak\Documents\GitHub\relation_test_code_smell_ML\dataset\projects\cassandra\test\unit\org\apache\cassandra\net\BufferPoolAllocatorTest.java,
cassandra,C:\Users\ismak\Documents\GitHub\relation_test_code_smell_ML\dataset\projects\cassandra\test\unit\org\apache\cassandra\net\ChunkedInputPlusTest.java,
cassandra,C:\Users\ismak\Documents\GitHub\relation_test_code_smell_ML\dataset\projects\cassandra\test\unit\org\apache\cassandra\net\ConnectionTest.java,
cassandra,C:\Users\ismak\Documents\GitHub\relation_test_code_smell_ML\dataset\projects\cassandra\test\unit\org\apache\cassandra\net\ForwardingInfoTest.java,
cassandra,C:\Users\ismak\Documents\GitHub\relation_test_code_smell_ML\dataset\projects\cassandra\test\unit\org\apache\cassandra\net\FramingTest.java,
cassandra,C:\Users\ismak\Documents\GitHub\relation_test_code_smell_ML\dataset\projects\cassandra\test\unit\org\apache\cassandra\net\HandshakeTest.java,
cassandra,C:\Users\ismak\Documents\GitHub\relation_test_code_smell_ML\dataset\projects\cassandra\test\unit\org\apache\cassandra\net\MessageDeliveryTest.java,
cassandra,C:\Users\ismak\Documents\GitHub\relation_test_code_smell_ML\dataset\projects\cassandra\test\unit\org\apache\cassandra\net\MessageSerializationPropertyTest.java,
cassandra,C:\Users\ismak\Documents\GitHub\relation_test_code_smell_ML\dataset\projects\cassandra\test\unit\org\apache\cassandra\net\MessageTest.java,
cassandra,C:\Users\ismak\Documents\GitHub\relation_test_code_smell_ML\dataset\projects\cassandra\test\unit\org\apache\cassandra\net\MessagingServiceOrdinaryVersionTest.java,
cassandra,C:\Users\ismak\Documents\GitHub\relation_test_code_smell_ML\dataset\projects\cassandra\test\unit\org\apache\cassandra\net\MessagingServiceTest.java,
cassandra,C:\Users\ismak\Documents\GitHub\relation_test_code_smell_ML\dataset\projects\cassandra\test\unit\org\apache\cassandra\net\MockMessagingServiceTest.java,
cassandra,C:\Users\ismak\Documents\GitHub\relation_test_code_smell_ML\dataset\projects\cassandra\test\unit\org\apache\cassandra\net\OutboundConnectionSettingsTest.java,
cassandra,C:\Users\ismak\Documents\GitHub\relation_test_code_smell_ML\dataset\projects\cassandra\test\unit\org\apache\cassandra\net\OutboundConnectionsTest.java,
cassandra,C:\Users\ismak\Documents\GitHub\relation_test_code_smell_ML\dataset\projects\cassandra\test\unit\org\apache\cassandra\net\OutboundMessageQueueTest.java,
cassandra,C:\Users\ismak\Documents\GitHub\relation_test_code_smell_ML\dataset\projects\cassandra\test\unit\org\apache\cassandra\net\proxy\ProxyHandlerTest.java,
cassandra,C:\Users\ismak\Documents\GitHub\relation_test_code_smell_ML\dataset\projects\cassandra\test\unit\org\apache\cassandra\net\ProxyHandlerConnectionsTest.java,
cassandra,C:\Users\ismak\Documents\GitHub\relation_test_code_smell_ML\dataset\projects\cassandra\test\unit\org\apache\cassandra\net\PrunableArrayQueueTest.java,
cassandra,C:\Users\ismak\Documents\GitHub\relation_test_code_smell_ML\dataset\projects\cassandra\test\unit\org\apache\cassandra\net\ResourceLimitsTest.java,
cassandra,C:\Users\ismak\Documents\GitHub\relation_test_code_smell_ML\dataset\projects\cassandra\test\unit\org\apache\cassandra\net\StartupClusterConnectivityCheckerTest.java,
cassandra,C:\Users\ismak\Documents\GitHub\relation_test_code_smell_ML\dataset\projects\cassandra\test\unit\org\apache\cassandra\net\TestChannel.java,
cassandra,C:\Users\ismak\Documents\GitHub\relation_test_code_smell_ML\dataset\projects\cassandra\test\unit\org\apache\cassandra\net\TestScheduledFuture.java,
cassandra,C:\Users\ismak\Documents\GitHub\relation_test_code_smell_ML\dataset\projects\cassandra\test\unit\org\apache\cassandra\net\VerbTest.java,
cassandra,C:\Users\ismak\Documents\GitHub\relation_test_code_smell_ML\dataset\projects\cassandra\test\unit\org\apache\cassandra\repair\AbstractRepairTest.java,
cassandra,C:\Users\ismak\Documents\GitHub\relation_test_code_smell_ML\dataset\projects\cassandra\test\unit\org\apache\cassandra\repair\asymmetric\DifferenceHolderTest.java,
cassandra,C:\Users\ismak\Documents\GitHub\relation_test_code_smell_ML\dataset\projects\cassandra\test\unit\org\apache\cassandra\repair\asymmetric\RangeDenormalizerTest.java,
cassandra,C:\Users\ismak\Documents\GitHub\relation_test_code_smell_ML\dataset\projects\cassandra\test\unit\org\apache\cassandra\repair\asymmetric\RangeMapTest.java,
cassandra,C:\Users\ismak\Documents\GitHub\relation_test_code_smell_ML\dataset\projects\cassandra\test\unit\org\apache\cassandra\repair\asymmetric\ReduceHelperTest.java,
cassandra,C:\Users\ismak\Documents\GitHub\relation_test_code_smell_ML\dataset\projects\cassandra\test\unit\org\apache\cassandra\repair\asymmetric\StreamFromOptionsTest.java,
cassandra,C:\Users\ismak\Documents\GitHub\relation_test_code_smell_ML\dataset\projects\cassandra\test\unit\org\apache\cassandra\repair\autorepair\AutoRepairConfigRepairTypeTest.java,
cassandra,C:\Users\ismak\Documents\GitHub\relation_test_code_smell_ML\dataset\projects\cassandra\test\unit\org\apache\cassandra\repair\autorepair\AutoRepairConfigTest.java,
cassandra,C:\Users\ismak\Documents\GitHub\relation_test_code_smell_ML\dataset\projects\cassandra\test\unit\org\apache\cassandra\repair\autorepair\AutoRepairKeyspaceTest.java,
cassandra,C:\Users\ismak\Documents\GitHub\relation_test_code_smell_ML\dataset\projects\cassandra\test\unit\org\apache\cassandra\repair\autorepair\AutoRepairMetricsTest.java,
cassandra,C:\Users\ismak\Documents\GitHub\relation_test_code_smell_ML\dataset\projects\cassandra\test\unit\org\apache\cassandra\repair\autorepair\AutoRepairParameterizedTest.java,
cassandra,C:\Users\ismak\Documents\GitHub\relation_test_code_smell_ML\dataset\projects\cassandra\test\unit\org\apache\cassandra\repair\autorepair\AutoRepairShutdownTest.java,
cassandra,C:\Users\ismak\Documents\GitHub\relation_test_code_smell_ML\dataset\projects\cassandra\test\unit\org\apache\cassandra\repair\autorepair\AutoRepairStateFactoryTest.java,
cassandra,C:\Users\ismak\Documents\GitHub\relation_test_code_smell_ML\dataset\projects\cassandra\test\unit\org\apache\cassandra\repair\autorepair\AutoRepairStateTest.java,
cassandra,C:\Users\ismak\Documents\GitHub\relation_test_code_smell_ML\dataset\projects\cassandra\test\unit\org\apache\cassandra\repair\autorepair\AutoRepairTablePropertyTest.java,
cassandra,C:\Users\ismak\Documents\GitHub\relation_test_code_smell_ML\dataset\projects\cassandra\test\unit\org\apache\cassandra\repair\autorepair\AutoRepairTest.java,
cassandra,C:\Users\ismak\Documents\GitHub\relation_test_code_smell_ML\dataset\projects\cassandra\test\unit\org\apache\cassandra\repair\autorepair\AutoRepairUtilsTest.java,
cassandra,C:\Users\ismak\Documents\GitHub\relation_test_code_smell_ML\dataset\projects\cassandra\test\unit\org\apache\cassandra\repair\autorepair\FixedSplitTokenRangeSplitterNoVNodesTest.java,
cassandra,C:\Users\ismak\Documents\GitHub\relation_test_code_smell_ML\dataset\projects\cassandra\test\unit\org\apache\cassandra\repair\autorepair\FixedSplitTokenRangeSplitterVNodesTest.java,
cassandra,C:\Users\ismak\Documents\GitHub\relation_test_code_smell_ML\dataset\projects\cassandra\test\unit\org\apache\cassandra\repair\autorepair\PrioritizedRepairPlanTest.java,
cassandra,C:\Users\ismak\Documents\GitHub\relation_test_code_smell_ML\dataset\projects\cassandra\test\unit\org\apache\cassandra\repair\autorepair\RepairTokenRangeSplitterTest.java,
cassandra,C:\Users\ismak\Documents\GitHub\relation_test_code_smell_ML\dataset\projects\cassandra\test\unit\org\apache\cassandra\repair\autorepair\SSTableRepairedAtTest.java,
cassandra,C:\Users\ismak\Documents\GitHub\relation_test_code_smell_ML\dataset\projects\cassandra\test\unit\org\apache\cassandra\repair\ConcurrentIrWithPreviewFuzzTest.java,
cassandra,C:\Users\ismak\Documents\GitHub\relation_test_code_smell_ML\dataset\projects\cassandra\test\unit\org\apache\cassandra\repair\consistent\AbstractConsistentSessionTest.java,
cassandra,C:\Users\ismak\Documents\GitHub\relation_test_code_smell_ML\dataset\projects\cassandra\test\unit\org\apache\cassandra\repair\consistent\admin\SchemaArgsParserTest.java,
cassandra,C:\Users\ismak\Documents\GitHub\relation_test_code_smell_ML\dataset\projects\cassandra\test\unit\org\apache\cassandra\repair\consistent\BulkRepairStateTest.java,
cassandra,C:\Users\ismak\Documents\GitHub\relation_test_code_smell_ML\dataset\projects\cassandra\test\unit\org\apache\cassandra\repair\consistent\CoordinatorMessagingTest.java,
cassandra,C:\Users\ismak\Documents\GitHub\relation_test_code_smell_ML\dataset\projects\cassandra\test\unit\org\apache\cassandra\repair\consistent\CoordinatorSessionsTest.java,
cassandra,C:\Users\ismak\Documents\GitHub\relation_test_code_smell_ML\dataset\projects\cassandra\test\unit\org\apache\cassandra\repair\consistent\CoordinatorSessionTest.java,
cassandra,C:\Users\ismak\Documents\GitHub\relation_test_code_smell_ML\dataset\projects\cassandra\test\unit\org\apache\cassandra\repair\consistent\LocalSessionTest.java,
cassandra,C:\Users\ismak\Documents\GitHub\relation_test_code_smell_ML\dataset\projects\cassandra\test\unit\org\apache\cassandra\repair\consistent\PendingRepairStatTest.java,
cassandra,C:\Users\ismak\Documents\GitHub\relation_test_code_smell_ML\dataset\projects\cassandra\test\unit\org\apache\cassandra\repair\consistent\RepairStateTest.java,
cassandra,C:\Users\ismak\Documents\GitHub\relation_test_code_smell_ML\dataset\projects\cassandra\test\unit\org\apache\cassandra\repair\FailedAckTest.java,
cassandra,C:\Users\ismak\Documents\GitHub\relation_test_code_smell_ML\dataset\projects\cassandra\test\unit\org\apache\cassandra\repair\FailingRepairFuzzTest.java,
cassandra,C:\Users\ismak\Documents\GitHub\relation_test_code_smell_ML\dataset\projects\cassandra\test\unit\org\apache\cassandra\repair\HappyPathFuzzTest.java,
cassandra,C:\Users\ismak\Documents\GitHub\relation_test_code_smell_ML\dataset\projects\cassandra\test\unit\org\apache\cassandra\repair\LocalSyncTaskTest.java,
cassandra,C:\Users\ismak\Documents\GitHub\relation_test_code_smell_ML\dataset\projects\cassandra\test\unit\org\apache\cassandra\repair\messages\RepairMessageSerializationsTest.java,
cassandra,C:\Users\ismak\Documents\GitHub\relation_test_code_smell_ML\dataset\projects\cassandra\test\unit\org\apache\cassandra\repair\messages\RepairMessageSerializerTest.java,
cassandra,C:\Users\ismak\Documents\GitHub\relation_test_code_smell_ML\dataset\projects\cassandra\test\unit\org\apache\cassandra\repair\messages\RepairMessageTest.java,
cassandra,C:\Users\ismak\Documents\GitHub\relation_test_code_smell_ML\dataset\projects\cassandra\test\unit\org\apache\cassandra\repair\messages\RepairOptionTest.java,
cassandra,C:\Users\ismak\Documents\GitHub\relation_test_code_smell_ML\dataset\projects\cassandra\test\unit\org\apache\cassandra\repair\NeighborsAndRangesTest.java,
cassandra,C:\Users\ismak\Documents\GitHub\relation_test_code_smell_ML\dataset\projects\cassandra\test\unit\org\apache\cassandra\repair\RepairJobTest.java,
cassandra,C:\Users\ismak\Documents\GitHub\relation_test_code_smell_ML\dataset\projects\cassandra\test\unit\org\apache\cassandra\repair\RepairMessageVerbHandlerOutOfRangeTest.java,
cassandra,C:\Users\ismak\Documents\GitHub\relation_test_code_smell_ML\dataset\projects\cassandra\test\unit\org\apache\cassandra\repair\RepairSessionTest.java,
cassandra,C:\Users\ismak\Documents\GitHub\relation_test_code_smell_ML\dataset\projects\cassandra\test\unit\org\apache\cassandra\repair\SlowMessageFuzzTest.java,
cassandra,C:\Users\ismak\Documents\GitHub\relation_test_code_smell_ML\dataset\projects\cassandra\test\unit\org\apache\cassandra\repair\StreamingRepairTaskTest.java,
cassandra,C:\Users\ismak\Documents\GitHub\relation_test_code_smell_ML\dataset\projects\cassandra\test\unit\org\apache\cassandra\repair\SymmetricRemoteSyncTaskTest.java,
cassandra,C:\Users\ismak\Documents\GitHub\relation_test_code_smell_ML\dataset\projects\cassandra\test\unit\org\apache\cassandra\repair\ValidationTaskTest.java,
cassandra,C:\Users\ismak\Documents\GitHub\relation_test_code_smell_ML\dataset\projects\cassandra\test\unit\org\apache\cassandra\repair\ValidatorTest.java,
cassandra,C:\Users\ismak\Documents\GitHub\relation_test_code_smell_ML\dataset\projects\cassandra\test\unit\org\apache\cassandra\schema\CompressionParamsTest.java,
cassandra,C:\Users\ismak\Documents\GitHub\relation_test_code_smell_ML\dataset\projects\cassandra\test\unit\org\apache\cassandra\schema\createlike\CreateLikeCqlParseTest.java,
cassandra,C:\Users\ismak\Documents\GitHub\relation_test_code_smell_ML\dataset\projects\cassandra\test\unit\org\apache\cassandra\schema\createlike\CreateLikeTest.java,
cassandra,C:\Users\ismak\Documents\GitHub\relation_test_code_smell_ML\dataset\projects\cassandra\test\unit\org\apache\cassandra\schema\createlike\CreateLikeWithSessionTest.java,
cassandra,C:\Users\ismak\Documents\GitHub\relation_test_code_smell_ML\dataset\projects\cassandra\test\unit\org\apache\cassandra\schema\CreateTableValidationTest.java,
cassandra,C:\Users\ismak\Documents\GitHub\relation_test_code_smell_ML\dataset\projects\cassandra\test\unit\org\apache\cassandra\schema\DistributedSchemaTest.java,
cassandra,C:\Users\ismak\Documents\GitHub\relation_test_code_smell_ML\dataset\projects\cassandra\test\unit\org\apache\cassandra\schema\DropKSTest.java,
cassandra,C:\Users\ismak\Documents\GitHub\relation_test_code_smell_ML\dataset\projects\cassandra\test\unit\org\apache\cassandra\schema\FastPathSchemaTest.java,
cassandra,C:\Users\ismak\Documents\GitHub\relation_test_code_smell_ML\dataset\projects\cassandra\test\unit\org\apache\cassandra\schema\IndexMetadataTest.java,
cassandra,C:\Users\ismak\Documents\GitHub\relation_test_code_smell_ML\dataset\projects\cassandra\test\unit\org\apache\cassandra\schema\KeyspaceMetadataTest.java,
cassandra,C:\Users\ismak\Documents\GitHub\relation_test_code_smell_ML\dataset\projects\cassandra\test\unit\org\apache\cassandra\schema\MemtableParamsTest.java,
cassandra,C:\Users\ismak\Documents\GitHub\relation_test_code_smell_ML\dataset\projects\cassandra\test\unit\org\apache\cassandra\schema\SchemaChangeDuringRangeMovementTest.java,
cassandra,C:\Users\ismak\Documents\GitHub\relation_test_code_smell_ML\dataset\projects\cassandra\test\unit\org\apache\cassandra\schema\SchemaChangesTest.java,
cassandra,C:\Users\ismak\Documents\GitHub\relation_test_code_smell_ML\dataset\projects\cassandra\test\unit\org\apache\cassandra\schema\SchemaKeyspaceTest.java,
cassandra,C:\Users\ismak\Documents\GitHub\relation_test_code_smell_ML\dataset\projects\cassandra\test\unit\org\apache\cassandra\schema\SchemaMetadataSerializationTest.java,
cassandra,C:\Users\ismak\Documents\GitHub\relation_test_code_smell_ML\dataset\projects\cassandra\test\unit\org\apache\cassandra\schema\SchemaMutationsSerializerTest.java,
cassandra,C:\Users\ismak\Documents\GitHub\relation_test_code_smell_ML\dataset\projects\cassandra\test\unit\org\apache\cassandra\schema\SchemaStatementWarningsTest.java,
cassandra,C:\Users\ismak\Documents\GitHub\relation_test_code_smell_ML\dataset\projects\cassandra\test\unit\org\apache\cassandra\schema\SchemaTest.java,
cassandra,C:\Users\ismak\Documents\GitHub\relation_test_code_smell_ML\dataset\projects\cassandra\test\unit\org\apache\cassandra\schema\SystemDistributedKeyspaceCompressionDictionaryTest.java,
cassandra,C:\Users\ismak\Documents\GitHub\relation_test_code_smell_ML\dataset\projects\cassandra\test\unit\org\apache\cassandra\schema\TableIdTest.java,
cassandra,C:\Users\ismak\Documents\GitHub\relation_test_code_smell_ML\dataset\projects\cassandra\test\unit\org\apache\cassandra\schema\TableMetadataSerDeTest.java,
cassandra,C:\Users\ismak\Documents\GitHub\relation_test_code_smell_ML\dataset\projects\cassandra\test\unit\org\apache\cassandra\schema\TableMetadataTest.java,
cassandra,C:\Users\ismak\Documents\GitHub\relation_test_code_smell_ML\dataset\projects\cassandra\test\unit\org\apache\cassandra\schema\TableParamsTest.java,
cassandra,C:\Users\ismak\Documents\GitHub\relation_test_code_smell_ML\dataset\projects\cassandra\test\unit\org\apache\cassandra\schema\TransactionalConfigSchemaTest.java,
cassandra,C:\Users\ismak\Documents\GitHub\relation_test_code_smell_ML\dataset\projects\cassandra\test\unit\org\apache\cassandra\schema\TupleTypesRepresentationTest.java,
cassandra,C:\Users\ismak\Documents\GitHub\relation_test_code_smell_ML\dataset\projects\cassandra\test\unit\org\apache\cassandra\schema\ValidationTest.java,
cassandra,C:\Users\ismak\Documents\GitHub\relation_test_code_smell_ML\dataset\projects\cassandra\test\unit\org\apache\cassandra\security\CipherFactoryTest.java,
cassandra,C:\Users\ismak\Documents\GitHub\relation_test_code_smell_ML\dataset\projects\cassandra\test\unit\org\apache\cassandra\security\CryptoProviderTest.java,
cassandra,C:\Users\ismak\Documents\GitHub\relation_test_code_smell_ML\dataset\projects\cassandra\test\unit\org\apache\cassandra\security\CustomSslContextFactoryConfigTest.java,
cassandra,C:\Users\ismak\Documents\GitHub\relation_test_code_smell_ML\dataset\projects\cassandra\test\unit\org\apache\cassandra\security\CustomSslContextFactoryInvalidConfigTest.java,
cassandra,C:\Users\ismak\Documents\GitHub\relation_test_code_smell_ML\dataset\projects\cassandra\test\unit\org\apache\cassandra\security\DefaultSslContextFactoryTest.java,
cassandra,C:\Users\ismak\Documents\GitHub\relation_test_code_smell_ML\dataset\projects\cassandra\test\unit\org\apache\cassandra\security\EncryptionUtilsTest.java,
cassandra,C:\Users\ismak\Documents\GitHub\relation_test_code_smell_ML\dataset\projects\cassandra\test\unit\org\apache\cassandra\security\FileBasedSslContextFactoryTest.java,
cassandra,C:\Users\ismak\Documents\GitHub\relation_test_code_smell_ML\dataset\projects\cassandra\test\unit\org\apache\cassandra\security\FileBasedStoreContextTest.java,
cassandra,C:\Users\ismak\Documents\GitHub\relation_test_code_smell_ML\dataset\projects\cassandra\test\unit\org\apache\cassandra\security\JKSKeyProviderTest.java,
cassandra,C:\Users\ismak\Documents\GitHub\relation_test_code_smell_ML\dataset\projects\cassandra\test\unit\org\apache\cassandra\security\PEMBasedSslContextFactoryConfigTest.java,
cassandra,C:\Users\ismak\Documents\GitHub\relation_test_code_smell_ML\dataset\projects\cassandra\test\unit\org\apache\cassandra\security\PEMBasedSslContextFactoryConfigWithMismatchingPasswordsTest.java,
cassandra,C:\Users\ismak\Documents\GitHub\relation_test_code_smell_ML\dataset\projects\cassandra\test\unit\org\apache\cassandra\security\PEMBasedSslContextFactoryConfigWithPasswordFileTest.java,
cassandra,C:\Users\ismak\Documents\GitHub\relation_test_code_smell_ML\dataset\projects\cassandra\test\unit\org\apache\cassandra\security\PEMBasedSslContextFactoryConfigWithUnencryptedKeysTest.java,
cassandra,C:\Users\ismak\Documents\GitHub\relation_test_code_smell_ML\dataset\projects\cassandra\test\unit\org\apache\cassandra\security\PEMBasedSslContextFactoryInvalidConfigTest.java,
cassandra,C:\Users\ismak\Documents\GitHub\relation_test_code_smell_ML\dataset\projects\cassandra\test\unit\org\apache\cassandra\security\PEMBasedSslContextFactoryTest.java,
cassandra,C:\Users\ismak\Documents\GitHub\relation_test_code_smell_ML\dataset\projects\cassandra\test\unit\org\apache\cassandra\security\PEMJKSSslContextFactoryConfigTest.java,
cassandra,C:\Users\ismak\Documents\GitHub\relation_test_code_smell_ML\dataset\projects\cassandra\test\unit\org\apache\cassandra\security\PEMReaderTest.java,
cassandra,C:\Users\ismak\Documents\GitHub\relation_test_code_smell_ML\dataset\projects\cassandra\test\unit\org\apache\cassandra\security\SSLFactoryTest.java,
cassandra,C:\Users\ismak\Documents\GitHub\relation_test_code_smell_ML\dataset\projects\cassandra\test\unit\org\apache\cassandra\security\TestJREProvider.java,
cassandra,C:\Users\ismak\Documents\GitHub\relation_test_code_smell_ML\dataset\projects\cassandra\test\unit\org\apache\cassandra\serializers\DecimalSerializerTest.java,
cassandra,C:\Users\ismak\Documents\GitHub\relation_test_code_smell_ML\dataset\projects\cassandra\test\unit\org\apache\cassandra\serializers\MapSerializerTest.java,
cassandra,C:\Users\ismak\Documents\GitHub\relation_test_code_smell_ML\dataset\projects\cassandra\test\unit\org\apache\cassandra\serializers\SetSerializerTest.java,
cassandra,C:\Users\ismak\Documents\GitHub\relation_test_code_smell_ML\dataset\projects\cassandra\test\unit\org\apache\cassandra\serializers\SimpleDateSerializerTest.java,
cassandra,C:\Users\ismak\Documents\GitHub\relation_test_code_smell_ML\dataset\projects\cassandra\test\unit\org\apache\cassandra\serializers\TimeSerializerTest.java,
cassandra,C:\Users\ismak\Documents\GitHub\relation_test_code_smell_ML\dataset\projects\cassandra\test\unit\org\apache\cassandra\serializers\TimestampSerializerTest.java,
cassandra,C:\Users\ismak\Documents\GitHub\relation_test_code_smell_ML\dataset\projects\cassandra\test\unit\org\apache\cassandra\serializers\UTF8ValidatorTest.java,
cassandra,C:\Users\ismak\Documents\GitHub\relation_test_code_smell_ML\dataset\projects\cassandra\test\unit\org\apache\cassandra\service\AbstractFilesystemOwnershipCheckTest.java,
cassandra,C:\Users\ismak\Documents\GitHub\relation_test_code_smell_ML\dataset\projects\cassandra\test\unit\org\apache\cassandra\service\accord\AccordAgentTest.java,
cassandra,C:\Users\ismak\Documents\GitHub\relation_test_code_smell_ML\dataset\projects\cassandra\test\unit\org\apache\cassandra\service\accord\AccordAsyncConversionTest.java,
cassandra,C:\Users\ismak\Documents\GitHub\relation_test_code_smell_ML\dataset\projects\cassandra\test\unit\org\apache\cassandra\service\accord\AccordCacheEntryTest.java,
cassandra,C:\Users\ismak\Documents\GitHub\relation_test_code_smell_ML\dataset\projects\cassandra\test\unit\org\apache\cassandra\service\accord\AccordCacheTest.java,
cassandra,C:\Users\ismak\Documents\GitHub\relation_test_code_smell_ML\dataset\projects\cassandra\test\unit\org\apache\cassandra\service\accord\AccordCommandStoreTest.java,
cassandra,C:\Users\ismak\Documents\GitHub\relation_test_code_smell_ML\dataset\projects\cassandra\test\unit\org\apache\cassandra\service\accord\AccordCommandTest.java,
cassandra,C:\Users\ismak\Documents\GitHub\relation_test_code_smell_ML\dataset\projects\cassandra\test\unit\org\apache\cassandra\service\accord\AccordExpungeTest.java,
cassandra,C:\Users\ismak\Documents\GitHub\relation_test_code_smell_ML\dataset\projects\cassandra\test\unit\org\apache\cassandra\service\accord\AccordJournalOrderTest.java,
cassandra,C:\Users\ismak\Documents\GitHub\relation_test_code_smell_ML\dataset\projects\cassandra\test\unit\org\apache\cassandra\service\accord\AccordJournalTest.java,
cassandra,C:\Users\ismak\Documents\GitHub\relation_test_code_smell_ML\dataset\projects\cassandra\test\unit\org\apache\cassandra\service\accord\AccordKeyspaceTest.java,
cassandra,C:\Users\ismak\Documents\GitHub\relation_test_code_smell_ML\dataset\projects\cassandra\test\unit\org\apache\cassandra\service\accord\AccordMessageSinkTest.java,
cassandra,C:\Users\ismak\Documents\GitHub\relation_test_code_smell_ML\dataset\projects\cassandra\test\unit\org\apache\cassandra\service\accord\AccordReadRepairTest.java,
cassandra,C:\Users\ismak\Documents\GitHub\relation_test_code_smell_ML\dataset\projects\cassandra\test\unit\org\apache\cassandra\service\accord\AccordSerializersTest.java,
cassandra,C:\Users\ismak\Documents\GitHub\relation_test_code_smell_ML\dataset\projects\cassandra\test\unit\org\apache\cassandra\service\accord\AccordStaleReplicasTest.java,
cassandra,C:\Users\ismak\Documents\GitHub\relation_test_code_smell_ML\dataset\projects\cassandra\test\unit\org\apache\cassandra\service\accord\AccordTaskTest.java,
cassandra,C:\Users\ismak\Documents\GitHub\relation_test_code_smell_ML\dataset\projects\cassandra\test\unit\org\apache\cassandra\service\accord\AccordTopologyTest.java,
cassandra,C:\Users\ismak\Documents\GitHub\relation_test_code_smell_ML\dataset\projects\cassandra\test\unit\org\apache\cassandra\service\accord\api\AccordKeyTest.java,
cassandra,C:\Users\ismak\Documents\GitHub\relation_test_code_smell_ML\dataset\projects\cassandra\test\unit\org\apache\cassandra\service\accord\CommandChangeTest.java,
cassandra,C:\Users\ismak\Documents\GitHub\relation_test_code_smell_ML\dataset\projects\cassandra\test\unit\org\apache\cassandra\service\accord\DurableBeforeIntegrationTest.java,
cassandra,C:\Users\ismak\Documents\GitHub\relation_test_code_smell_ML\dataset\projects\cassandra\test\unit\org\apache\cassandra\service\accord\EndpointMappingTest.java,
cassandra,C:\Users\ismak\Documents\GitHub\relation_test_code_smell_ML\dataset\projects\cassandra\test\unit\org\apache\cassandra\service\accord\EpochSyncTest.java,
cassandra,C:\Users\ismak\Documents\GitHub\relation_test_code_smell_ML\dataset\projects\cassandra\test\unit\org\apache\cassandra\service\accord\FetchTopologiesTest.java,
cassandra,C:\Users\ismak\Documents\GitHub\relation_test_code_smell_ML\dataset\projects\cassandra\test\unit\org\apache\cassandra\service\accord\journal\TopologyRecordTest.java,
cassandra,C:\Users\ismak\Documents\GitHub\relation_test_code_smell_ML\dataset\projects\cassandra\test\unit\org\apache\cassandra\service\accord\MaxConflictsIntegrationTest.java,
cassandra,C:\Users\ismak\Documents\GitHub\relation_test_code_smell_ML\dataset\projects\cassandra\test\unit\org\apache\cassandra\service\accord\repair\RequiredResponseTrackerTest.java,
cassandra,C:\Users\ismak\Documents\GitHub\relation_test_code_smell_ML\dataset\projects\cassandra\test\unit\org\apache\cassandra\service\accord\RouteInMemoryIndexTest.java,
cassandra,C:\Users\ismak\Documents\GitHub\relation_test_code_smell_ML\dataset\projects\cassandra\test\unit\org\apache\cassandra\service\accord\serializers\CheckStatusSerializersTest.java,
cassandra,C:\Users\ismak\Documents\GitHub\relation_test_code_smell_ML\dataset\projects\cassandra\test\unit\org\apache\cassandra\service\accord\serializers\CommandSerializersTest.java,
cassandra,C:\Users\ismak\Documents\GitHub\relation_test_code_smell_ML\dataset\projects\cassandra\test\unit\org\apache\cassandra\service\accord\serializers\CommandsForKeySerializerTest.java,
cassandra,C:\Users\ismak\Documents\GitHub\relation_test_code_smell_ML\dataset\projects\cassandra\test\unit\org\apache\cassandra\service\accord\serializers\CommandStoreSerializersTest.java,
cassandra,C:\Users\ismak\Documents\GitHub\relation_test_code_smell_ML\dataset\projects\cassandra\test\unit\org\apache\cassandra\service\accord\serializers\DepsSerializersTest.java,
cassandra,C:\Users\ismak\Documents\GitHub\relation_test_code_smell_ML\dataset\projects\cassandra\test\unit\org\apache\cassandra\service\accord\serializers\EncodeAsVInt32Test.java,
cassandra,C:\Users\ismak\Documents\GitHub\relation_test_code_smell_ML\dataset\projects\cassandra\test\unit\org\apache\cassandra\service\accord\serializers\IVersionedWithKeysSerializerTest.java,
cassandra,C:\Users\ismak\Documents\GitHub\relation_test_code_smell_ML\dataset\projects\cassandra\test\unit\org\apache\cassandra\service\accord\serializers\JournalKeySerializerTest.java,
cassandra,C:\Users\ismak\Documents\GitHub\relation_test_code_smell_ML\dataset\projects\cassandra\test\unit\org\apache\cassandra\service\accord\serializers\KeySerializersTest.java,
cassandra,C:\Users\ismak\Documents\GitHub\relation_test_code_smell_ML\dataset\projects\cassandra\test\unit\org\apache\cassandra\service\accord\serializers\LatestDepsSerializerTest.java,
cassandra,C:\Users\ismak\Documents\GitHub\relation_test_code_smell_ML\dataset\projects\cassandra\test\unit\org\apache\cassandra\service\accord\serializers\SerializePackedTest.java,
cassandra,C:\Users\ismak\Documents\GitHub\relation_test_code_smell_ML\dataset\projects\cassandra\test\unit\org\apache\cassandra\service\accord\serializers\TableMetadatasAndKeysTest.java,
cassandra,C:\Users\ismak\Documents\GitHub\relation_test_code_smell_ML\dataset\projects\cassandra\test\unit\org\apache\cassandra\service\accord\serializers\TableMetadatasTest.java,
cassandra,C:\Users\ismak\Documents\GitHub\relation_test_code_smell_ML\dataset\projects\cassandra\test\unit\org\apache\cassandra\service\accord\serializers\TokenKeyTest.java,
cassandra,C:\Users\ismak\Documents\GitHub\relation_test_code_smell_ML\dataset\projects\cassandra\test\unit\org\apache\cassandra\service\accord\serializers\TopologySerializersTest.java,
cassandra,C:\Users\ismak\Documents\GitHub\relation_test_code_smell_ML\dataset\projects\cassandra\test\unit\org\apache\cassandra\service\accord\serializers\WaitingOnSerializerTest.java,
cassandra,C:\Users\ismak\Documents\GitHub\relation_test_code_smell_ML\dataset\projects\cassandra\test\unit\org\apache\cassandra\service\accord\SimpleSimulatedAccordCommandStoreTest.java,
cassandra,C:\Users\ismak\Documents\GitHub\relation_test_code_smell_ML\dataset\projects\cassandra\test\unit\org\apache\cassandra\service\accord\SimulatedAccordTaskTest.java,
cassandra,C:\Users\ismak\Documents\GitHub\relation_test_code_smell_ML\dataset\projects\cassandra\test\unit\org\apache\cassandra\service\accord\SimulatedDepsTest.java,
cassandra,C:\Users\ismak\Documents\GitHub\relation_test_code_smell_ML\dataset\projects\cassandra\test\unit\org\apache\cassandra\service\accord\SimulatedMultiKeyAndRangeTest.java,
cassandra,C:\Users\ismak\Documents\GitHub\relation_test_code_smell_ML\dataset\projects\cassandra\test\unit\org\apache\cassandra\service\accord\SimulatedRandomKeysWithRangeConflictTest.java,
cassandra,C:\Users\ismak\Documents\GitHub\relation_test_code_smell_ML\dataset\projects\cassandra\test\unit\org\apache\cassandra\service\accord\topology\AccordFastPathCoordinatorTest.java,
cassandra,C:\Users\ismak\Documents\GitHub\relation_test_code_smell_ML\dataset\projects\cassandra\test\unit\org\apache\cassandra\service\accord\topology\AccordSyncPropagatorTest.java,
cassandra,C:\Users\ismak\Documents\GitHub\relation_test_code_smell_ML\dataset\projects\cassandra\test\unit\org\apache\cassandra\service\accord\topology\FastPathParsingTest.java,
cassandra,C:\Users\ismak\Documents\GitHub\relation_test_code_smell_ML\dataset\projects\cassandra\test\unit\org\apache\cassandra\service\accord\topology\ParameterizedFastPathStrategyTest.java,
cassandra,C:\Users\ismak\Documents\GitHub\relation_test_code_smell_ML\dataset\projects\cassandra\test\unit\org\apache\cassandra\service\accord\topology\UpFastPathStrategyTest.java,
cassandra,C:\Users\ismak\Documents\GitHub\relation_test_code_smell_ML\dataset\projects\cassandra\test\unit\org\apache\cassandra\service\accord\txn\AbstractKeySortedTest.java,
cassandra,C:\Users\ismak\Documents\GitHub\relation_test_code_smell_ML\dataset\projects\cassandra\test\unit\org\apache\cassandra\service\accord\txn\AccordUpdateTest.java,
cassandra,C:\Users\ismak\Documents\GitHub\relation_test_code_smell_ML\dataset\projects\cassandra\test\unit\org\apache\cassandra\service\accord\txn\TxnConditionTest.java,
cassandra,C:\Users\ismak\Documents\GitHub\relation_test_code_smell_ML\dataset\projects\cassandra\test\unit\org\apache\cassandra\service\accord\txn\TxnReferenceOperationTest.java,
cassandra,C:\Users\ismak\Documents\GitHub\relation_test_code_smell_ML\dataset\projects\cassandra\test\unit\org\apache\cassandra\service\accord\txn\TxnUpdateTest.java,
cassandra,C:\Users\ismak\Documents\GitHub\relation_test_code_smell_ML\dataset\projects\cassandra\test\unit\org\apache\cassandra\service\accord\WatermarkCollectorTest.java,
cassandra,C:\Users\ismak\Documents\GitHub\relation_test_code_smell_ML\dataset\projects\cassandra\test\unit\org\apache\cassandra\service\ActiveRepairServiceTest.java,
cassandra,C:\Users\ismak\Documents\GitHub\relation_test_code_smell_ML\dataset\projects\cassandra\test\unit\org\apache\cassandra\service\AlterTopologyArgParsingTest.java,
cassandra,C:\Users\ismak\Documents\GitHub\relation_test_code_smell_ML\dataset\projects\cassandra\test\unit\org\apache\cassandra\service\AsyncProfilerServiceTest.java,
cassandra,C:\Users\ismak\Documents\GitHub\relation_test_code_smell_ML\dataset\projects\cassandra\test\unit\org\apache\cassandra\service\AutoRepairServiceBasicTest.java,
cassandra,C:\Users\ismak\Documents\GitHub\relation_test_code_smell_ML\dataset\projects\cassandra\test\unit\org\apache\cassandra\service\AutoRepairServiceRepairTypeTest.java,
cassandra,C:\Users\ismak\Documents\GitHub\relation_test_code_smell_ML\dataset\projects\cassandra\test\unit\org\apache\cassandra\service\AutoRepairServiceSetterTest.java,
cassandra,C:\Users\ismak\Documents\GitHub\relation_test_code_smell_ML\dataset\projects\cassandra\test\unit\org\apache\cassandra\service\BootstrapTransientTest.java,
cassandra,C:\Users\ismak\Documents\GitHub\relation_test_code_smell_ML\dataset\projects\cassandra\test\unit\org\apache\cassandra\service\CassandraDaemonTest.java,
cassandra,C:\Users\ismak\Documents\GitHub\relation_test_code_smell_ML\dataset\projects\cassandra\test\unit\org\apache\cassandra\service\ClientStateTest.java,
cassandra,C:\Users\ismak\Documents\GitHub\relation_test_code_smell_ML\dataset\projects\cassandra\test\unit\org\apache\cassandra\service\ClientWarningsTest.java,
cassandra,C:\Users\ismak\Documents\GitHub\relation_test_code_smell_ML\dataset\projects\cassandra\test\unit\org\apache\cassandra\service\DefaultFSErrorHandlerTest.java,
cassandra,C:\Users\ismak\Documents\GitHub\relation_test_code_smell_ML\dataset\projects\cassandra\test\unit\org\apache\cassandra\service\DiskErrorsHandlerTest.java,
cassandra,C:\Users\ismak\Documents\GitHub\relation_test_code_smell_ML\dataset\projects\cassandra\test\unit\org\apache\cassandra\service\DiskFailurePolicyTest.java,
cassandra,C:\Users\ismak\Documents\GitHub\relation_test_code_smell_ML\dataset\projects\cassandra\test\unit\org\apache\cassandra\service\FailureRecordingCallbackTest.java,
cassandra,C:\Users\ismak\Documents\GitHub\relation_test_code_smell_ML\dataset\projects\cassandra\test\unit\org\apache\cassandra\service\GCInspectorTest.java,
cassandra,C:\Users\ismak\Documents\GitHub\relation_test_code_smell_ML\dataset\projects\cassandra\test\unit\org\apache\cassandra\service\JoinTokenRingTest.java,
cassandra,C:\Users\ismak\Documents\GitHub\relation_test_code_smell_ML\dataset\projects\cassandra\test\unit\org\apache\cassandra\service\LegacyAuthFailTest.java,
cassandra,C:\Users\ismak\Documents\GitHub\relation_test_code_smell_ML\dataset\projects\cassandra\test\unit\org\apache\cassandra\service\NativeTransportServiceTest.java,
cassandra,C:\Users\ismak\Documents\GitHub\relation_test_code_smell_ML\dataset\projects\cassandra\test\unit\org\apache\cassandra\service\OptionalTasksTest.java,
cassandra,C:\Users\ismak\Documents\GitHub\relation_test_code_smell_ML\dataset\projects\cassandra\test\unit\org\apache\cassandra\service\pager\PagingStateTest.java,
cassandra,C:\Users\ismak\Documents\GitHub\relation_test_code_smell_ML\dataset\projects\cassandra\test\unit\org\apache\cassandra\service\pager\RandomizedPagingStateTest.java,
cassandra,C:\Users\ismak\Documents\GitHub\relation_test_code_smell_ML\dataset\projects\cassandra\test\unit\org\apache\cassandra\service\PartitionDenylistTest.java,
cassandra,C:\Users\ismak\Documents\GitHub\relation_test_code_smell_ML\dataset\projects\cassandra\test\unit\org\apache\cassandra\service\paxos\AbstractPaxosRepairTest.java,
cassandra,C:\Users\ismak\Documents\GitHub\relation_test_code_smell_ML\dataset\projects\cassandra\test\unit\org\apache\cassandra\service\paxos\cleanup\PaxosTableRepairsTest.java,
cassandra,C:\Users\ismak\Documents\GitHub\relation_test_code_smell_ML\dataset\projects\cassandra\test\unit\org\apache\cassandra\service\paxos\PaxosProposeTest.java,
cassandra,C:\Users\ismak\Documents\GitHub\relation_test_code_smell_ML\dataset\projects\cassandra\test\unit\org\apache\cassandra\service\paxos\PaxosRepairHistoryTest.java,
cassandra,C:\Users\ismak\Documents\GitHub\relation_test_code_smell_ML\dataset\projects\cassandra\test\unit\org\apache\cassandra\service\paxos\PaxosRepairTest.java,
cassandra,C:\Users\ismak\Documents\GitHub\relation_test_code_smell_ML\dataset\projects\cassandra\test\unit\org\apache\cassandra\service\paxos\PaxosStateTest.java,
cassandra,C:\Users\ismak\Documents\GitHub\relation_test_code_smell_ML\dataset\projects\cassandra\test\unit\org\apache\cassandra\service\paxos\PaxosVerbHandlerOutOfRangeTest.java,
cassandra,C:\Users\ismak\Documents\GitHub\relation_test_code_smell_ML\dataset\projects\cassandra\test\unit\org\apache\cassandra\service\paxos\uncommitted\PaxosBallotTrackerTest.java,
cassandra,C:\Users\ismak\Documents\GitHub\relation_test_code_smell_ML\dataset\projects\cassandra\test\unit\org\apache\cassandra\service\paxos\uncommitted\PaxosRowsTest.java,
cassandra,C:\Users\ismak\Documents\GitHub\relation_test_code_smell_ML\dataset\projects\cassandra\test\unit\org\apache\cassandra\service\paxos\uncommitted\PaxosStateTrackerTest.java,
cassandra,C:\Users\ismak\Documents\GitHub\relation_test_code_smell_ML\dataset\projects\cassandra\test\unit\org\apache\cassandra\service\paxos\uncommitted\PaxosUncommittedTests.java,
cassandra,C:\Users\ismak\Documents\GitHub\relation_test_code_smell_ML\dataset\projects\cassandra\test\unit\org\apache\cassandra\service\paxos\uncommitted\PaxosUncommittedTrackerIntegrationTest.java,
cassandra,C:\Users\ismak\Documents\GitHub\relation_test_code_smell_ML\dataset\projects\cassandra\test\unit\org\apache\cassandra\service\paxos\uncommitted\PaxosUncommittedTrackerTest.java,
cassandra,C:\Users\ismak\Documents\GitHub\relation_test_code_smell_ML\dataset\projects\cassandra\test\unit\org\apache\cassandra\service\paxos\uncommitted\UncommittedTableDataTest.java,
cassandra,C:\Users\ismak\Documents\GitHub\relation_test_code_smell_ML\dataset\projects\cassandra\test\unit\org\apache\cassandra\service\PaxosStateTest.java,
cassandra,C:\Users\ismak\Documents\GitHub\relation_test_code_smell_ML\dataset\projects\cassandra\test\unit\org\apache\cassandra\service\ProtocolBetaVersionTest.java,
cassandra,C:\Users\ismak\Documents\GitHub\relation_test_code_smell_ML\dataset\projects\cassandra\test\unit\org\apache\cassandra\service\QueryPagerTest.java,
cassandra,C:\Users\ismak\Documents\GitHub\relation_test_code_smell_ML\dataset\projects\cassandra\test\unit\org\apache\cassandra\service\reads\AbstractReadResponseTest.java,
cassandra,C:\Users\ismak\Documents\GitHub\relation_test_code_smell_ML\dataset\projects\cassandra\test\unit\org\apache\cassandra\service\reads\DataResolverTest.java,
cassandra,C:\Users\ismak\Documents\GitHub\relation_test_code_smell_ML\dataset\projects\cassandra\test\unit\org\apache\cassandra\service\reads\DigestResolverTest.java,
cassandra,C:\Users\ismak\Documents\GitHub\relation_test_code_smell_ML\dataset\projects\cassandra\test\unit\org\apache\cassandra\service\reads\range\RangeCommandIteratorTest.java,
cassandra,C:\Users\ismak\Documents\GitHub\relation_test_code_smell_ML\dataset\projects\cassandra\test\unit\org\apache\cassandra\service\reads\range\RangeCommandsTest.java,
cassandra,C:\Users\ismak\Documents\GitHub\relation_test_code_smell_ML\dataset\projects\cassandra\test\unit\org\apache\cassandra\service\reads\range\ReplicaPlanIteratorTest.java,
cassandra,C:\Users\ismak\Documents\GitHub\relation_test_code_smell_ML\dataset\projects\cassandra\test\unit\org\apache\cassandra\service\reads\range\ReplicaPlanMergerTest.java,
cassandra,C:\Users\ismak\Documents\GitHub\relation_test_code_smell_ML\dataset\projects\cassandra\test\unit\org\apache\cassandra\service\reads\ReadExecutorTest.java,
cassandra,C:\Users\ismak\Documents\GitHub\relation_test_code_smell_ML\dataset\projects\cassandra\test\unit\org\apache\cassandra\service\reads\repair\AbstractReadRepairTest.java,
cassandra,C:\Users\ismak\Documents\GitHub\relation_test_code_smell_ML\dataset\projects\cassandra\test\unit\org\apache\cassandra\service\reads\repair\BlockingReadRepairTest.java,
cassandra,C:\Users\ismak\Documents\GitHub\relation_test_code_smell_ML\dataset\projects\cassandra\test\unit\org\apache\cassandra\service\reads\repair\DiagEventsBlockingReadRepairTest.java,
cassandra,C:\Users\ismak\Documents\GitHub\relation_test_code_smell_ML\dataset\projects\cassandra\test\unit\org\apache\cassandra\service\reads\repair\ReadOnlyReadRepairTest.java,
cassandra,C:\Users\ismak\Documents\GitHub\relation_test_code_smell_ML\dataset\projects\cassandra\test\unit\org\apache\cassandra\service\reads\repair\ReadRepairTest.java,
cassandra,C:\Users\ismak\Documents\GitHub\relation_test_code_smell_ML\dataset\projects\cassandra\test\unit\org\apache\cassandra\service\reads\repair\RepairedDataVerifierTest.java,
cassandra,C:\Users\ismak\Documents\GitHub\relation_test_code_smell_ML\dataset\projects\cassandra\test\unit\org\apache\cassandra\service\reads\repair\TestableReadRepair.java,
cassandra,C:\Users\ismak\Documents\GitHub\relation_test_code_smell_ML\dataset\projects\cassandra\test\unit\org\apache\cassandra\service\reads\SpeculativeRetryParseTest.java,
cassandra,C:\Users\ismak\Documents\GitHub\relation_test_code_smell_ML\dataset\projects\cassandra\test\unit\org\apache\cassandra\service\reads\thresholds\WarningsSnapshotTest.java,
cassandra,C:\Users\ismak\Documents\GitHub\relation_test_code_smell_ML\dataset\projects\cassandra\test\unit\org\apache\cassandra\service\RemoveTest.java,
cassandra,C:\Users\ismak\Documents\GitHub\relation_test_code_smell_ML\dataset\projects\cassandra\test\unit\org\apache\cassandra\service\RetryStrategyTest.java,
cassandra,C:\Users\ismak\Documents\GitHub\relation_test_code_smell_ML\dataset\projects\cassandra\test\unit\org\apache\cassandra\service\RMIServerSocketFactoryImplTest.java,
cassandra,C:\Users\ismak\Documents\GitHub\relation_test_code_smell_ML\dataset\projects\cassandra\test\unit\org\apache\cassandra\service\SerializationsTest.java,
cassandra,C:\Users\ismak\Documents\GitHub\relation_test_code_smell_ML\dataset\projects\cassandra\test\unit\org\apache\cassandra\service\snapshot\MetadataSnapshotsTest.java,
cassandra,C:\Users\ismak\Documents\GitHub\relation_test_code_smell_ML\dataset\projects\cassandra\test\unit\org\apache\cassandra\service\snapshot\SnapshotLoaderTest.java,
cassandra,C:\Users\ismak\Documents\GitHub\relation_test_code_smell_ML\dataset\projects\cassandra\test\unit\org\apache\cassandra\service\snapshot\SnapshotManagerTest.java,
cassandra,C:\Users\ismak\Documents\GitHub\relation_test_code_smell_ML\dataset\projects\cassandra\test\unit\org\apache\cassandra\service\snapshot\SnapshotManifestTest.java,
cassandra,C:\Users\ismak\Documents\GitHub\relation_test_code_smell_ML\dataset\projects\cassandra\test\unit\org\apache\cassandra\service\snapshot\SnapshotOptionsTest.java,
cassandra,C:\Users\ismak\Documents\GitHub\relation_test_code_smell_ML\dataset\projects\cassandra\test\unit\org\apache\cassandra\service\snapshot\TableSnapshotTest.java,
cassandra,C:\Users\ismak\Documents\GitHub\relation_test_code_smell_ML\dataset\projects\cassandra\test\unit\org\apache\cassandra\service\SSTablesGlobalTrackerTest.java,
cassandra,C:\Users\ismak\Documents\GitHub\relation_test_code_smell_ML\dataset\projects\cassandra\test\unit\org\apache\cassandra\service\StartupChecksTest.java,
cassandra,C:\Users\ismak\Documents\GitHub\relation_test_code_smell_ML\dataset\projects\cassandra\test\unit\org\apache\cassandra\service\StorageProxyTest.java,
cassandra,C:\Users\ismak\Documents\GitHub\relation_test_code_smell_ML\dataset\projects\cassandra\test\unit\org\apache\cassandra\service\StorageServiceDrainTest.java,
cassandra,C:\Users\ismak\Documents\GitHub\relation_test_code_smell_ML\dataset\projects\cassandra\test\unit\org\apache\cassandra\service\StorageServiceServerM3PTest.java,
cassandra,C:\Users\ismak\Documents\GitHub\relation_test_code_smell_ML\dataset\projects\cassandra\test\unit\org\apache\cassandra\service\StorageServiceServerTest.java,
cassandra,C:\Users\ismak\Documents\GitHub\relation_test_code_smell_ML\dataset\projects\cassandra\test\unit\org\apache\cassandra\service\StorageServiceTest.java,
cassandra,C:\Users\ismak\Documents\GitHub\relation_test_code_smell_ML\dataset\projects\cassandra\test\unit\org\apache\cassandra\service\SystemPropertiesBasedFileSystemOwnershipCheckTest.java,
cassandra,C:\Users\ismak\Documents\GitHub\relation_test_code_smell_ML\dataset\projects\cassandra\test\unit\org\apache\cassandra\service\TimeoutStrategyTest.java,
cassandra,C:\Users\ismak\Documents\GitHub\relation_test_code_smell_ML\dataset\projects\cassandra\test\unit\org\apache\cassandra\service\TimestampSourceTest.java,
cassandra,C:\Users\ismak\Documents\GitHub\relation_test_code_smell_ML\dataset\projects\cassandra\test\unit\org\apache\cassandra\service\WriteResponseHandlerTest.java,
cassandra,C:\Users\ismak\Documents\GitHub\relation_test_code_smell_ML\dataset\projects\cassandra\test\unit\org\apache\cassandra\service\WriteResponseHandlerTransientTest.java,
cassandra,C:\Users\ismak\Documents\GitHub\relation_test_code_smell_ML\dataset\projects\cassandra\test\unit\org\apache\cassandra\service\writes\thresholds\WarnCounterTest.java,
cassandra,C:\Users\ismak\Documents\GitHub\relation_test_code_smell_ML\dataset\projects\cassandra\test\unit\org\apache\cassandra\service\writes\thresholds\WriteWarningContextTest.java,
cassandra,C:\Users\ismak\Documents\GitHub\relation_test_code_smell_ML\dataset\projects\cassandra\test\unit\org\apache\cassandra\service\writes\thresholds\WriteWarningsSnapshotTest.java,
cassandra,C:\Users\ismak\Documents\GitHub\relation_test_code_smell_ML\dataset\projects\cassandra\test\unit\org\apache\cassandra\service\YamlBasedFileSystemOwnershipCheckTest.java,
cassandra,C:\Users\ismak\Documents\GitHub\relation_test_code_smell_ML\dataset\projects\cassandra\test\unit\org\apache\cassandra\streaming\async\StreamCompressionSerializerTest.java,
cassandra,C:\Users\ismak\Documents\GitHub\relation_test_code_smell_ML\dataset\projects\cassandra\test\unit\org\apache\cassandra\streaming\async\StreamingInboundHandlerTest.java,
cassandra,C:\Users\ismak\Documents\GitHub\relation_test_code_smell_ML\dataset\projects\cassandra\test\unit\org\apache\cassandra\streaming\async\StreamingMultiplexedChannelTest.java,
cassandra,C:\Users\ismak\Documents\GitHub\relation_test_code_smell_ML\dataset\projects\cassandra\test\unit\org\apache\cassandra\streaming\compression\CompressedInputStreamTest.java,
cassandra,C:\Users\ismak\Documents\GitHub\relation_test_code_smell_ML\dataset\projects\cassandra\test\unit\org\apache\cassandra\streaming\EntireSSTableStreamingCorrectFilesCountTest.java,
cassandra,C:\Users\ismak\Documents\GitHub\relation_test_code_smell_ML\dataset\projects\cassandra\test\unit\org\apache\cassandra\streaming\messages\KeepAliveMessageTest.java,
cassandra,C:\Users\ismak\Documents\GitHub\relation_test_code_smell_ML\dataset\projects\cassandra\test\unit\org\apache\cassandra\streaming\messages\StreamMessageTest.java,
cassandra,C:\Users\ismak\Documents\GitHub\relation_test_code_smell_ML\dataset\projects\cassandra\test\unit\org\apache\cassandra\streaming\SessionInfoTest.java,
cassandra,C:\Users\ismak\Documents\GitHub\relation_test_code_smell_ML\dataset\projects\cassandra\test\unit\org\apache\cassandra\streaming\StreamingTransferTest.java,
cassandra,C:\Users\ismak\Documents\GitHub\relation_test_code_smell_ML\dataset\projects\cassandra\test\unit\org\apache\cassandra\streaming\StreamManagerTest.java,
cassandra,C:\Users\ismak\Documents\GitHub\relation_test_code_smell_ML\dataset\projects\cassandra\test\unit\org\apache\cassandra\streaming\StreamOperationTest.java,
cassandra,C:\Users\ismak\Documents\GitHub\relation_test_code_smell_ML\dataset\projects\cassandra\test\unit\org\apache\cassandra\streaming\StreamRateLimiterTest.java,
cassandra,C:\Users\ismak\Documents\GitHub\relation_test_code_smell_ML\dataset\projects\cassandra\test\unit\org\apache\cassandra\streaming\StreamReaderTest.java,
cassandra,C:\Users\ismak\Documents\GitHub\relation_test_code_smell_ML\dataset\projects\cassandra\test\unit\org\apache\cassandra\streaming\StreamSessionOwnedRangesTest.java,
cassandra,C:\Users\ismak\Documents\GitHub\relation_test_code_smell_ML\dataset\projects\cassandra\test\unit\org\apache\cassandra\streaming\StreamSessionTest.java,
cassandra,C:\Users\ismak\Documents\GitHub\relation_test_code_smell_ML\dataset\projects\cassandra\test\unit\org\apache\cassandra\streaming\StreamTransferTaskTest.java,
cassandra,C:\Users\ismak\Documents\GitHub\relation_test_code_smell_ML\dataset\projects\cassandra\test\unit\org\apache\cassandra\tcm\BootWithMetadataTest.java,
cassandra,C:\Users\ismak\Documents\GitHub\relation_test_code_smell_ML\dataset\projects\cassandra\test\unit\org\apache\cassandra\tcm\ClusterMetadataMetadataKeyTest.java,
cassandra,C:\Users\ismak\Documents\GitHub\relation_test_code_smell_ML\dataset\projects\cassandra\test\unit\org\apache\cassandra\tcm\ClusterMetadataSerializerTest.java,
cassandra,C:\Users\ismak\Documents\GitHub\relation_test_code_smell_ML\dataset\projects\cassandra\test\unit\org\apache\cassandra\tcm\ClusterMetadataTransformationTest.java,
cassandra,C:\Users\ismak\Documents\GitHub\relation_test_code_smell_ML\dataset\projects\cassandra\test\unit\org\apache\cassandra\tcm\compatibility\GossipHelperTest.java,
cassandra,C:\Users\ismak\Documents\GitHub\relation_test_code_smell_ML\dataset\projects\cassandra\test\unit\org\apache\cassandra\tcm\DiscoverySimulationTest.java,
cassandra,C:\Users\ismak\Documents\GitHub\relation_test_code_smell_ML\dataset\projects\cassandra\test\unit\org\apache\cassandra\tcm\GetLogStateTest.java,
cassandra,C:\Users\ismak\Documents\GitHub\relation_test_code_smell_ML\dataset\projects\cassandra\test\unit\org\apache\cassandra\tcm\listeners\ClientNotificationListenerTest.java,
cassandra,C:\Users\ismak\Documents\GitHub\relation_test_code_smell_ML\dataset\projects\cassandra\test\unit\org\apache\cassandra\tcm\listeners\MetadataSnapshotListenerTest.java,
cassandra,C:\Users\ismak\Documents\GitHub\relation_test_code_smell_ML\dataset\projects\cassandra\test\unit\org\apache\cassandra\tcm\log\DistributedLogStateTest.java,
cassandra,C:\Users\ismak\Documents\GitHub\relation_test_code_smell_ML\dataset\projects\cassandra\test\unit\org\apache\cassandra\tcm\log\LocalLogTest.java,
cassandra,C:\Users\ismak\Documents\GitHub\relation_test_code_smell_ML\dataset\projects\cassandra\test\unit\org\apache\cassandra\tcm\log\LocalStorageLogStateTest.java,
cassandra,C:\Users\ismak\Documents\GitHub\relation_test_code_smell_ML\dataset\projects\cassandra\test\unit\org\apache\cassandra\tcm\log\LogListenerNotificationTest.java,
cassandra,C:\Users\ismak\Documents\GitHub\relation_test_code_smell_ML\dataset\projects\cassandra\test\unit\org\apache\cassandra\tcm\LogStateTest.java,
cassandra,C:\Users\ismak\Documents\GitHub\relation_test_code_smell_ML\dataset\projects\cassandra\test\unit\org\apache\cassandra\tcm\membership\DirectoryTest.java,
cassandra,C:\Users\ismak\Documents\GitHub\relation_test_code_smell_ML\dataset\projects\cassandra\test\unit\org\apache\cassandra\tcm\membership\NodeVersionTest.java,
cassandra,C:\Users\ismak\Documents\GitHub\relation_test_code_smell_ML\dataset\projects\cassandra\test\unit\org\apache\cassandra\tcm\NewTransformationVersionCompatibilityTest.java,
cassandra,C:\Users\ismak\Documents\GitHub\relation_test_code_smell_ML\dataset\projects\cassandra\test\unit\org\apache\cassandra\tcm\ownership\DeltaMapTest.java,
cassandra,C:\Users\ismak\Documents\GitHub\relation_test_code_smell_ML\dataset\projects\cassandra\test\unit\org\apache\cassandra\tcm\ownership\LocalRangesAllSettledTest.java,
cassandra,C:\Users\ismak\Documents\GitHub\relation_test_code_smell_ML\dataset\projects\cassandra\test\unit\org\apache\cassandra\tcm\ownership\PlacementTransitionPlanTest.java,
cassandra,C:\Users\ismak\Documents\GitHub\relation_test_code_smell_ML\dataset\projects\cassandra\test\unit\org\apache\cassandra\tcm\ownership\PrimaryRangeComparatorTest.java,
cassandra,C:\Users\ismak\Documents\GitHub\relation_test_code_smell_ML\dataset\projects\cassandra\test\unit\org\apache\cassandra\tcm\ownership\UniformRangePlacementIntegrationTest.java,
cassandra,C:\Users\ismak\Documents\GitHub\relation_test_code_smell_ML\dataset\projects\cassandra\test\unit\org\apache\cassandra\tcm\ownership\UniformRangePlacementTest.java,
cassandra,C:\Users\ismak\Documents\GitHub\relation_test_code_smell_ML\dataset\projects\cassandra\test\unit\org\apache\cassandra\tcm\RemoteProcessorTest.java,
cassandra,C:\Users\ismak\Documents\GitHub\relation_test_code_smell_ML\dataset\projects\cassandra\test\unit\org\apache\cassandra\tcm\RetryTest.java,
cassandra,C:\Users\ismak\Documents\GitHub\relation_test_code_smell_ML\dataset\projects\cassandra\test\unit\org\apache\cassandra\tcm\sequences\DropAccordTableTest.java,
cassandra,C:\Users\ismak\Documents\GitHub\relation_test_code_smell_ML\dataset\projects\cassandra\test\unit\org\apache\cassandra\tcm\sequences\InProgressSequenceCancellationTest.java,
cassandra,C:\Users\ismak\Documents\GitHub\relation_test_code_smell_ML\dataset\projects\cassandra\test\unit\org\apache\cassandra\tcm\sequences\ProgressBarrierTest.java,
cassandra,C:\Users\ismak\Documents\GitHub\relation_test_code_smell_ML\dataset\projects\cassandra\test\unit\org\apache\cassandra\tcm\transformations\AccordMarkRejoiningTest.java,
cassandra,C:\Users\ismak\Documents\GitHub\relation_test_code_smell_ML\dataset\projects\cassandra\test\unit\org\apache\cassandra\tcm\transformations\AccordMarkStaleTest.java,
cassandra,C:\Users\ismak\Documents\GitHub\relation_test_code_smell_ML\dataset\projects\cassandra\test\unit\org\apache\cassandra\tcm\transformations\EventsMetadataTest.java,
cassandra,C:\Users\ismak\Documents\GitHub\relation_test_code_smell_ML\dataset\projects\cassandra\test\unit\org\apache\cassandra\tcm\transformations\PrepareJoinTest.java,
cassandra,C:\Users\ismak\Documents\GitHub\relation_test_code_smell_ML\dataset\projects\cassandra\test\unit\org\apache\cassandra\tcm\transformations\PrepareLeaveTest.java,
cassandra,C:\Users\ismak\Documents\GitHub\relation_test_code_smell_ML\dataset\projects\cassandra\test\unit\org\apache\cassandra\tcm\transformations\RegisterTest.java,
cassandra,C:\Users\ismak\Documents\GitHub\relation_test_code_smell_ML\dataset\projects\cassandra\test\unit\org\apache\cassandra\tcm\transformations\StartupTest.java,
cassandra,C:\Users\ismak\Documents\GitHub\relation_test_code_smell_ML\dataset\projects\cassandra\test\unit\org\apache\cassandra\tcm\UnregisterTest.java,
cassandra,C:\Users\ismak\Documents\GitHub\relation_test_code_smell_ML\dataset\projects\cassandra\test\unit\org\apache\cassandra\tools\AuditLogViewerTest.java,
cassandra,C:\Users\ismak\Documents\GitHub\relation_test_code_smell_ML\dataset\projects\cassandra\test\unit\org\apache\cassandra\tools\BulkLoaderTest.java,
cassandra,C:\Users\ismak\Documents\GitHub\relation_test_code_smell_ML\dataset\projects\cassandra\test\unit\org\apache\cassandra\tools\cassandrastress\CassandrastressTest.java,
cassandra,C:\Users\ismak\Documents\GitHub\relation_test_code_smell_ML\dataset\projects\cassandra\test\unit\org\apache\cassandra\tools\CMSOfflineToolTest.java,
cassandra,C:\Users\ismak\Documents\GitHub\relation_test_code_smell_ML\dataset\projects\cassandra\test\unit\org\apache\cassandra\tools\CompactionStressTest.java,
cassandra,C:\Users\ismak\Documents\GitHub\relation_test_code_smell_ML\dataset\projects\cassandra\test\unit\org\apache\cassandra\tools\cqlsh\CqlshTest.java,
cassandra,C:\Users\ismak\Documents\GitHub\relation_test_code_smell_ML\dataset\projects\cassandra\test\unit\org\apache\cassandra\tools\GenerateTokensTest.java,
cassandra,C:\Users\ismak\Documents\GitHub\relation_test_code_smell_ML\dataset\projects\cassandra\test\unit\org\apache\cassandra\tools\GetVersionTest.java,
cassandra,C:\Users\ismak\Documents\GitHub\relation_test_code_smell_ML\dataset\projects\cassandra\test\unit\org\apache\cassandra\tools\HashPasswordTest.java,
cassandra,C:\Users\ismak\Documents\GitHub\relation_test_code_smell_ML\dataset\projects\cassandra\test\unit\org\apache\cassandra\tools\JMXCompatibilityTest.java,
cassandra,C:\Users\ismak\Documents\GitHub\relation_test_code_smell_ML\dataset\projects\cassandra\test\unit\org\apache\cassandra\tools\JMXStandardsTest.java,
cassandra,C:\Users\ismak\Documents\GitHub\relation_test_code_smell_ML\dataset\projects\cassandra\test\unit\org\apache\cassandra\tools\JMXToolTest.java,
cassandra,C:\Users\ismak\Documents\GitHub\relation_test_code_smell_ML\dataset\projects\cassandra\test\unit\org\apache\cassandra\tools\NodeProbeTest.java,
cassandra,C:\Users\ismak\Documents\GitHub\relation_test_code_smell_ML\dataset\projects\cassandra\test\unit\org\apache\cassandra\tools\nodetool\AutoRepairStatusTest.java,
cassandra,C:\Users\ismak\Documents\GitHub\relation_test_code_smell_ML\dataset\projects\cassandra\test\unit\org\apache\cassandra\tools\nodetool\CIDRFilteringStatsTest.java,
cassandra,C:\Users\ismak\Documents\GitHub\relation_test_code_smell_ML\dataset\projects\cassandra\test\unit\org\apache\cassandra\tools\nodetool\ClearSnapshotTest.java,
cassandra,C:\Users\ismak\Documents\GitHub\relation_test_code_smell_ML\dataset\projects\cassandra\test\unit\org\apache\cassandra\tools\nodetool\ClientStatsTest.java,
cassandra,C:\Users\ismak\Documents\GitHub\relation_test_code_smell_ML\dataset\projects\cassandra\test\unit\org\apache\cassandra\tools\nodetool\CompactionHistoryTest.java,
cassandra,C:\Users\ismak\Documents\GitHub\relation_test_code_smell_ML\dataset\projects\cassandra\test\unit\org\apache\cassandra\tools\nodetool\CompactionStatsTest.java,
cassandra,C:\Users\ismak\Documents\GitHub\relation_test_code_smell_ML\dataset\projects\cassandra\test\unit\org\apache\cassandra\tools\nodetool\CompactTest.java,
cassandra,C:\Users\ismak\Documents\GitHub\relation_test_code_smell_ML\dataset\projects\cassandra\test\unit\org\apache\cassandra\tools\nodetool\DataPathsTest.java,
cassandra,C:\Users\ismak\Documents\GitHub\relation_test_code_smell_ML\dataset\projects\cassandra\test\unit\org\apache\cassandra\tools\nodetool\DropCIDRGroupTest.java,
cassandra,C:\Users\ismak\Documents\GitHub\relation_test_code_smell_ML\dataset\projects\cassandra\test\unit\org\apache\cassandra\tools\nodetool\ExportImportListCompressionDictionaryTest.java,
cassandra,C:\Users\ismak\Documents\GitHub\relation_test_code_smell_ML\dataset\projects\cassandra\test\unit\org\apache\cassandra\tools\nodetool\ForceCompactionTest.java,
cassandra,C:\Users\ismak\Documents\GitHub\relation_test_code_smell_ML\dataset\projects\cassandra\test\unit\org\apache\cassandra\tools\nodetool\formatter\TableBuilderTest.java,
cassandra,C:\Users\ismak\Documents\GitHub\relation_test_code_smell_ML\dataset\projects\cassandra\test\unit\org\apache\cassandra\tools\nodetool\GcStatsTest.java,
cassandra,C:\Users\ismak\Documents\GitHub\relation_test_code_smell_ML\dataset\projects\cassandra\test\unit\org\apache\cassandra\tools\nodetool\GetAuditLogTest.java,
cassandra,C:\Users\ismak\Documents\GitHub\relation_test_code_smell_ML\dataset\projects\cassandra\test\unit\org\apache\cassandra\tools\nodetool\GetAuthCacheConfigTest.java,
cassandra,C:\Users\ismak\Documents\GitHub\relation_test_code_smell_ML\dataset\projects\cassandra\test\unit\org\apache\cassandra\tools\nodetool\GetCIDRGroupsOfIPTest.java,
cassandra,C:\Users\ismak\Documents\GitHub\relation_test_code_smell_ML\dataset\projects\cassandra\test\unit\org\apache\cassandra\tools\nodetool\GetDefaultKeyspaceRFTest.java,
cassandra,C:\Users\ismak\Documents\GitHub\relation_test_code_smell_ML\dataset\projects\cassandra\test\unit\org\apache\cassandra\tools\nodetool\GetFullQueryLogTest.java,
cassandra,C:\Users\ismak\Documents\GitHub\relation_test_code_smell_ML\dataset\projects\cassandra\test\unit\org\apache\cassandra\tools\nodetool\GossipInfoTest.java,
cassandra,C:\Users\ismak\Documents\GitHub\relation_test_code_smell_ML\dataset\projects\cassandra\test\unit\org\apache\cassandra\tools\nodetool\GuardrailsConfigCommandsTest.java,
cassandra,C:\Users\ismak\Documents\GitHub\relation_test_code_smell_ML\dataset\projects\cassandra\test\unit\org\apache\cassandra\tools\nodetool\HistoryTest.java,
cassandra,C:\Users\ismak\Documents\GitHub\relation_test_code_smell_ML\dataset\projects\cassandra\test\unit\org\apache\cassandra\tools\nodetool\InvalidateCIDRPermissionsCacheTest.java,
cassandra,C:\Users\ismak\Documents\GitHub\relation_test_code_smell_ML\dataset\projects\cassandra\test\unit\org\apache\cassandra\tools\nodetool\InvalidateCredentialsCacheTest.java,
cassandra,C:\Users\ismak\Documents\GitHub\relation_test_code_smell_ML\dataset\projects\cassandra\test\unit\org\apache\cassandra\tools\nodetool\InvalidateJmxPermissionsCacheTest.java,
cassandra,C:\Users\ismak\Documents\GitHub\relation_test_code_smell_ML\dataset\projects\cassandra\test\unit\org\apache\cassandra\tools\nodetool\InvalidateNetworkPermissionsCacheTest.java,
cassandra,C:\Users\ismak\Documents\GitHub\relation_test_code_smell_ML\dataset\projects\cassandra\test\unit\org\apache\cassandra\tools\nodetool\InvalidatePermissionsCacheTest.java,
cassandra,C:\Users\ismak\Documents\GitHub\relation_test_code_smell_ML\dataset\projects\cassandra\test\unit\org\apache\cassandra\tools\nodetool\InvalidateRolesCacheTest.java,
cassandra,C:\Users\ismak\Documents\GitHub\relation_test_code_smell_ML\dataset\projects\cassandra\test\unit\org\apache\cassandra\tools\nodetool\ListCIDRGroupTest.java,
cassandra,C:\Users\ismak\Documents\GitHub\relation_test_code_smell_ML\dataset\projects\cassandra\test\unit\org\apache\cassandra\tools\nodetool\mock\AbortBootstrapMockTest.java,
cassandra,C:\Users\ismak\Documents\GitHub\relation_test_code_smell_ML\dataset\projects\cassandra\test\unit\org\apache\cassandra\tools\nodetool\mock\AccordAdminMockTest.java,
cassandra,C:\Users\ismak\Documents\GitHub\relation_test_code_smell_ML\dataset\projects\cassandra\test\unit\org\apache\cassandra\tools\nodetool\mock\AssassinateMockTest.java,
cassandra,C:\Users\ismak\Documents\GitHub\relation_test_code_smell_ML\dataset\projects\cassandra\test\unit\org\apache\cassandra\tools\nodetool\mock\BootstrapResumeMockTest.java,
cassandra,C:\Users\ismak\Documents\GitHub\relation_test_code_smell_ML\dataset\projects\cassandra\test\unit\org\apache\cassandra\tools\nodetool\mock\CleanupMockTest.java,
cassandra,C:\Users\ismak\Documents\GitHub\relation_test_code_smell_ML\dataset\projects\cassandra\test\unit\org\apache\cassandra\tools\nodetool\mock\CompactMockTest.java,
cassandra,C:\Users\ismak\Documents\GitHub\relation_test_code_smell_ML\dataset\projects\cassandra\test\unit\org\apache\cassandra\tools\nodetool\mock\DecommissionMockTest.java,
cassandra,C:\Users\ismak\Documents\GitHub\relation_test_code_smell_ML\dataset\projects\cassandra\test\unit\org\apache\cassandra\tools\nodetool\mock\DescribeClusterMockTest.java,
cassandra,C:\Users\ismak\Documents\GitHub\relation_test_code_smell_ML\dataset\projects\cassandra\test\unit\org\apache\cassandra\tools\nodetool\mock\DescribeRingMockTest.java,
cassandra,C:\Users\ismak\Documents\GitHub\relation_test_code_smell_ML\dataset\projects\cassandra\test\unit\org\apache\cassandra\tools\nodetool\mock\DisableAuditLogMockTest.java,
cassandra,C:\Users\ismak\Documents\GitHub\relation_test_code_smell_ML\dataset\projects\cassandra\test\unit\org\apache\cassandra\tools\nodetool\mock\DisableAutoCompactionMockTest.java,
cassandra,C:\Users\ismak\Documents\GitHub\relation_test_code_smell_ML\dataset\projects\cassandra\test\unit\org\apache\cassandra\tools\nodetool\mock\DisableBackupMockTest.java,
cassandra,C:\Users\ismak\Documents\GitHub\relation_test_code_smell_ML\dataset\projects\cassandra\test\unit\org\apache\cassandra\tools\nodetool\mock\DisableFullQueryLogMockTest.java,
cassandra,C:\Users\ismak\Documents\GitHub\relation_test_code_smell_ML\dataset\projects\cassandra\test\unit\org\apache\cassandra\tools\nodetool\mock\DisableOldProtocolVersionsMockTest.java,
cassandra,C:\Users\ismak\Documents\GitHub\relation_test_code_smell_ML\dataset\projects\cassandra\test\unit\org\apache\cassandra\tools\nodetool\mock\DrainMockTest.java,
cassandra,C:\Users\ismak\Documents\GitHub\relation_test_code_smell_ML\dataset\projects\cassandra\test\unit\org\apache\cassandra\tools\nodetool\mock\EnableAutoCompactionMockTest.java,
cassandra,C:\Users\ismak\Documents\GitHub\relation_test_code_smell_ML\dataset\projects\cassandra\test\unit\org\apache\cassandra\tools\nodetool\mock\EnableBackupMockTest.java,
cassandra,C:\Users\ismak\Documents\GitHub\relation_test_code_smell_ML\dataset\projects\cassandra\test\unit\org\apache\cassandra\tools\nodetool\mock\EnableOldProtocolVersionsMockTest.java,
cassandra,C:\Users\ismak\Documents\GitHub\relation_test_code_smell_ML\dataset\projects\cassandra\test\unit\org\apache\cassandra\tools\nodetool\mock\FailureDetectorInfoMockTest.java,
cassandra,C:\Users\ismak\Documents\GitHub\relation_test_code_smell_ML\dataset\projects\cassandra\test\unit\org\apache\cassandra\tools\nodetool\mock\GarbageCollectMockTest.java,
cassandra,C:\Users\ismak\Documents\GitHub\relation_test_code_smell_ML\dataset\projects\cassandra\test\unit\org\apache\cassandra\tools\nodetool\mock\GetBatchlogReplayTrottleMockTest.java,
cassandra,C:\Users\ismak\Documents\GitHub\relation_test_code_smell_ML\dataset\projects\cassandra\test\unit\org\apache\cassandra\tools\nodetool\mock\GetCompactionThresholdMockTest.java,
cassandra,C:\Users\ismak\Documents\GitHub\relation_test_code_smell_ML\dataset\projects\cassandra\test\unit\org\apache\cassandra\tools\nodetool\mock\GetConcurrencyMockTest.java,
cassandra,C:\Users\ismak\Documents\GitHub\relation_test_code_smell_ML\dataset\projects\cassandra\test\unit\org\apache\cassandra\tools\nodetool\mock\GetConcurrentCompactorsMockTest.java,
cassandra,C:\Users\ismak\Documents\GitHub\relation_test_code_smell_ML\dataset\projects\cassandra\test\unit\org\apache\cassandra\tools\nodetool\mock\GetConcurrentViewBuildersMockTest.java,
cassandra,C:\Users\ismak\Documents\GitHub\relation_test_code_smell_ML\dataset\projects\cassandra\test\unit\org\apache\cassandra\tools\nodetool\mock\GetLoggingLevelsMockTest.java,
cassandra,C:\Users\ismak\Documents\GitHub\relation_test_code_smell_ML\dataset\projects\cassandra\test\unit\org\apache\cassandra\tools\nodetool\mock\GetSeedsTest.java,
cassandra,C:\Users\ismak\Documents\GitHub\relation_test_code_smell_ML\dataset\projects\cassandra\test\unit\org\apache\cassandra\tools\nodetool\mock\GetSnapshotThrottleMockTest.java,
cassandra,C:\Users\ismak\Documents\GitHub\relation_test_code_smell_ML\dataset\projects\cassandra\test\unit\org\apache\cassandra\tools\nodetool\mock\GetSSTablesMockTest.java,
cassandra,C:\Users\ismak\Documents\GitHub\relation_test_code_smell_ML\dataset\projects\cassandra\test\unit\org\apache\cassandra\tools\nodetool\mock\GetTraceProbabilityMockTest.java,
cassandra,C:\Users\ismak\Documents\GitHub\relation_test_code_smell_ML\dataset\projects\cassandra\test\unit\org\apache\cassandra\tools\nodetool\mock\InvalidateKeyCacheMockTest.java,
cassandra,C:\Users\ismak\Documents\GitHub\relation_test_code_smell_ML\dataset\projects\cassandra\test\unit\org\apache\cassandra\tools\nodetool\mock\InvalidateRowCacheMockTest.java,
cassandra,C:\Users\ismak\Documents\GitHub\relation_test_code_smell_ML\dataset\projects\cassandra\test\unit\org\apache\cassandra\tools\nodetool\mock\ListPendingHintsMockTest.java,
cassandra,C:\Users\ismak\Documents\GitHub\relation_test_code_smell_ML\dataset\projects\cassandra\test\unit\org\apache\cassandra\tools\nodetool\mock\RangeKeySampleMockTest.java,
cassandra,C:\Users\ismak\Documents\GitHub\relation_test_code_smell_ML\dataset\projects\cassandra\test\unit\org\apache\cassandra\tools\nodetool\mock\RebuildIndexMockTest.java,
cassandra,C:\Users\ismak\Documents\GitHub\relation_test_code_smell_ML\dataset\projects\cassandra\test\unit\org\apache\cassandra\tools\nodetool\mock\ReloadLocalSchemaMockTest.java,
cassandra,C:\Users\ismak\Documents\GitHub\relation_test_code_smell_ML\dataset\projects\cassandra\test\unit\org\apache\cassandra\tools\nodetool\mock\ReloadSeedsMockTest.java,
cassandra,C:\Users\ismak\Documents\GitHub\relation_test_code_smell_ML\dataset\projects\cassandra\test\unit\org\apache\cassandra\tools\nodetool\mock\ReloadSslCertificatesMockTest.java,
cassandra,C:\Users\ismak\Documents\GitHub\relation_test_code_smell_ML\dataset\projects\cassandra\test\unit\org\apache\cassandra\tools\nodetool\mock\ReloadTriggersMockTest.java,
cassandra,C:\Users\ismak\Documents\GitHub\relation_test_code_smell_ML\dataset\projects\cassandra\test\unit\org\apache\cassandra\tools\nodetool\mock\RelocateSSTablesMockTest.java,
cassandra,C:\Users\ismak\Documents\GitHub\relation_test_code_smell_ML\dataset\projects\cassandra\test\unit\org\apache\cassandra\tools\nodetool\mock\ReplayBatchlogMockTest.java,
cassandra,C:\Users\ismak\Documents\GitHub\relation_test_code_smell_ML\dataset\projects\cassandra\test\unit\org\apache\cassandra\tools\nodetool\mock\ResetLocalSchemaMockTest.java,
cassandra,C:\Users\ismak\Documents\GitHub\relation_test_code_smell_ML\dataset\projects\cassandra\test\unit\org\apache\cassandra\tools\nodetool\mock\SetBatchlogReplayThrottleMockTest.java,
cassandra,C:\Users\ismak\Documents\GitHub\relation_test_code_smell_ML\dataset\projects\cassandra\test\unit\org\apache\cassandra\tools\nodetool\mock\SetCacheKeysToSaveMockTest.java,
cassandra,C:\Users\ismak\Documents\GitHub\relation_test_code_smell_ML\dataset\projects\cassandra\test\unit\org\apache\cassandra\tools\nodetool\mock\SetCompactionThresholdMockTest.java,
cassandra,C:\Users\ismak\Documents\GitHub\relation_test_code_smell_ML\dataset\projects\cassandra\test\unit\org\apache\cassandra\tools\nodetool\mock\SetConcurrencyMockTest.java,
cassandra,C:\Users\ismak\Documents\GitHub\relation_test_code_smell_ML\dataset\projects\cassandra\test\unit\org\apache\cassandra\tools\nodetool\mock\SetConcurrentViewBuildersMockTest.java,
cassandra,C:\Users\ismak\Documents\GitHub\relation_test_code_smell_ML\dataset\projects\cassandra\test\unit\org\apache\cassandra\tools\nodetool\mock\SetLoggingLevelMockTest.java,
cassandra,C:\Users\ismak\Documents\GitHub\relation_test_code_smell_ML\dataset\projects\cassandra\test\unit\org\apache\cassandra\tools\nodetool\mock\SetSnapshotThrottleMockTest.java,
cassandra,C:\Users\ismak\Documents\GitHub\relation_test_code_smell_ML\dataset\projects\cassandra\test\unit\org\apache\cassandra\tools\nodetool\mock\SetTraceProbabilityMockTest.java,
cassandra,C:\Users\ismak\Documents\GitHub\relation_test_code_smell_ML\dataset\projects\cassandra\test\unit\org\apache\cassandra\tools\nodetool\mock\SjkMockTest.java,
cassandra,C:\Users\ismak\Documents\GitHub\relation_test_code_smell_ML\dataset\projects\cassandra\test\unit\org\apache\cassandra\tools\nodetool\mock\SnapshotMockTest.java,
cassandra,C:\Users\ismak\Documents\GitHub\relation_test_code_smell_ML\dataset\projects\cassandra\test\unit\org\apache\cassandra\tools\nodetool\mock\StatusAutoCompactionMockTest.java,
cassandra,C:\Users\ismak\Documents\GitHub\relation_test_code_smell_ML\dataset\projects\cassandra\test\unit\org\apache\cassandra\tools\nodetool\mock\StatusBackupMockTest.java,
cassandra,C:\Users\ismak\Documents\GitHub\relation_test_code_smell_ML\dataset\projects\cassandra\test\unit\org\apache\cassandra\tools\nodetool\mock\StatusBinaryMockTest.java,
cassandra,C:\Users\ismak\Documents\GitHub\relation_test_code_smell_ML\dataset\projects\cassandra\test\unit\org\apache\cassandra\tools\nodetool\mock\StatusGossipMockTest.java,
cassandra,C:\Users\ismak\Documents\GitHub\relation_test_code_smell_ML\dataset\projects\cassandra\test\unit\org\apache\cassandra\tools\nodetool\mock\StopDaemonMockTest.java,
cassandra,C:\Users\ismak\Documents\GitHub\relation_test_code_smell_ML\dataset\projects\cassandra\test\unit\org\apache\cassandra\tools\nodetool\mock\StopMockTest.java,
cassandra,C:\Users\ismak\Documents\GitHub\relation_test_code_smell_ML\dataset\projects\cassandra\test\unit\org\apache\cassandra\tools\nodetool\mock\TruncateHintsMockTest.java,
cassandra,C:\Users\ismak\Documents\GitHub\relation_test_code_smell_ML\dataset\projects\cassandra\test\unit\org\apache\cassandra\tools\nodetool\mock\VersionMockTest.java,
cassandra,C:\Users\ismak\Documents\GitHub\relation_test_code_smell_ML\dataset\projects\cassandra\test\unit\org\apache\cassandra\tools\nodetool\mock\ViewBuildStatusMockTest.java,
cassandra,C:\Users\ismak\Documents\GitHub\relation_test_code_smell_ML\dataset\projects\cassandra\test\unit\org\apache\cassandra\tools\nodetool\NetStatsTest.java,
cassandra,C:\Users\ismak\Documents\GitHub\relation_test_code_smell_ML\dataset\projects\cassandra\test\unit\org\apache\cassandra\tools\nodetool\NodetoolClassHierarchyTest.java,
cassandra,C:\Users\ismak\Documents\GitHub\relation_test_code_smell_ML\dataset\projects\cassandra\test\unit\org\apache\cassandra\tools\nodetool\NodetoolHelpCommandsOutputTest.java,
cassandra,C:\Users\ismak\Documents\GitHub\relation_test_code_smell_ML\dataset\projects\cassandra\test\unit\org\apache\cassandra\tools\nodetool\NodetoolPrintPortBackwardCompatibilityTest.java,
cassandra,C:\Users\ismak\Documents\GitHub\relation_test_code_smell_ML\dataset\projects\cassandra\test\unit\org\apache\cassandra\tools\nodetool\ReloadCIDRGroupsCacheTest.java,
cassandra,C:\Users\ismak\Documents\GitHub\relation_test_code_smell_ML\dataset\projects\cassandra\test\unit\org\apache\cassandra\tools\nodetool\RingTest.java,
cassandra,C:\Users\ismak\Documents\GitHub\relation_test_code_smell_ML\dataset\projects\cassandra\test\unit\org\apache\cassandra\tools\nodetool\ScrubToolTest.java,
cassandra,C:\Users\ismak\Documents\GitHub\relation_test_code_smell_ML\dataset\projects\cassandra\test\unit\org\apache\cassandra\tools\nodetool\SetAuthCacheConfigTest.java,
cassandra,C:\Users\ismak\Documents\GitHub\relation_test_code_smell_ML\dataset\projects\cassandra\test\unit\org\apache\cassandra\tools\nodetool\SetAutoRepairConfigTest.java,
cassandra,C:\Users\ismak\Documents\GitHub\relation_test_code_smell_ML\dataset\projects\cassandra\test\unit\org\apache\cassandra\tools\nodetool\SetDefaultKeyspaceRFTest.java,
cassandra,C:\Users\ismak\Documents\GitHub\relation_test_code_smell_ML\dataset\projects\cassandra\test\unit\org\apache\cassandra\tools\nodetool\SetGetColumnIndexSizeTest.java,
cassandra,C:\Users\ismak\Documents\GitHub\relation_test_code_smell_ML\dataset\projects\cassandra\test\unit\org\apache\cassandra\tools\nodetool\SetGetCompactionThroughputTest.java,
cassandra,C:\Users\ismak\Documents\GitHub\relation_test_code_smell_ML\dataset\projects\cassandra\test\unit\org\apache\cassandra\tools\nodetool\SetGetEntireSSTableInterDCStreamThroughputTest.java,
cassandra,C:\Users\ismak\Documents\GitHub\relation_test_code_smell_ML\dataset\projects\cassandra\test\unit\org\apache\cassandra\tools\nodetool\SetGetEntireSSTableStreamThroughputTest.java,
cassandra,C:\Users\ismak\Documents\GitHub\relation_test_code_smell_ML\dataset\projects\cassandra\test\unit\org\apache\cassandra\tools\nodetool\SetGetInterDCStreamThroughputTest.java,
cassandra,C:\Users\ismak\Documents\GitHub\relation_test_code_smell_ML\dataset\projects\cassandra\test\unit\org\apache\cassandra\tools\nodetool\SetGetStreamThroughputTest.java,
cassandra,C:\Users\ismak\Documents\GitHub\relation_test_code_smell_ML\dataset\projects\cassandra\test\unit\org\apache\cassandra\tools\nodetool\SjkTest.java,
cassandra,C:\Users\ismak\Documents\GitHub\relation_test_code_smell_ML\dataset\projects\cassandra\test\unit\org\apache\cassandra\tools\nodetool\SnapshotTest.java,
cassandra,C:\Users\ismak\Documents\GitHub\relation_test_code_smell_ML\dataset\projects\cassandra\test\unit\org\apache\cassandra\tools\nodetool\SSTableRepairedSetTest.java,
cassandra,C:\Users\ismak\Documents\GitHub\relation_test_code_smell_ML\dataset\projects\cassandra\test\unit\org\apache\cassandra\tools\nodetool\stats\StatsPrinterTest.java,
cassandra,C:\Users\ismak\Documents\GitHub\relation_test_code_smell_ML\dataset\projects\cassandra\test\unit\org\apache\cassandra\tools\nodetool\stats\StatsTableComparatorTest.java,
cassandra,C:\Users\ismak\Documents\GitHub\relation_test_code_smell_ML\dataset\projects\cassandra\test\unit\org\apache\cassandra\tools\nodetool\stats\TableStatsPrinterTest.java,
cassandra,C:\Users\ismak\Documents\GitHub\relation_test_code_smell_ML\dataset\projects\cassandra\test\unit\org\apache\cassandra\tools\nodetool\StatusTest.java,
cassandra,C:\Users\ismak\Documents\GitHub\relation_test_code_smell_ML\dataset\projects\cassandra\test\unit\org\apache\cassandra\tools\nodetool\TableHistogramsTest.java,
cassandra,C:\Users\ismak\Documents\GitHub\relation_test_code_smell_ML\dataset\projects\cassandra\test\unit\org\apache\cassandra\tools\nodetool\TableStatsTest.java,
cassandra,C:\Users\ismak\Documents\GitHub\relation_test_code_smell_ML\dataset\projects\cassandra\test\unit\org\apache\cassandra\tools\nodetool\TpStatsTest.java,
cassandra,C:\Users\ismak\Documents\GitHub\relation_test_code_smell_ML\dataset\projects\cassandra\test\unit\org\apache\cassandra\tools\nodetool\TrainCompressionDictionaryTest.java,
cassandra,C:\Users\ismak\Documents\GitHub\relation_test_code_smell_ML\dataset\projects\cassandra\test\unit\org\apache\cassandra\tools\nodetool\UninitializedServerTest.java,
cassandra,C:\Users\ismak\Documents\GitHub\relation_test_code_smell_ML\dataset\projects\cassandra\test\unit\org\apache\cassandra\tools\nodetool\UpdateCIDRGroupTest.java,
cassandra,C:\Users\ismak\Documents\GitHub\relation_test_code_smell_ML\dataset\projects\cassandra\test\unit\org\apache\cassandra\tools\nodetool\VerifyTest.java,
cassandra,C:\Users\ismak\Documents\GitHub\relation_test_code_smell_ML\dataset\projects\cassandra\test\unit\org\apache\cassandra\tools\nodetool\VersionTest.java,
cassandra,C:\Users\ismak\Documents\GitHub\relation_test_code_smell_ML\dataset\projects\cassandra\test\unit\org\apache\cassandra\tools\NodeToolCommandTest.java,
cassandra,C:\Users\ismak\Documents\GitHub\relation_test_code_smell_ML\dataset\projects\cassandra\test\unit\org\apache\cassandra\tools\OfflineClusterMetadataDumpIntegrationTest.java,
cassandra,C:\Users\ismak\Documents\GitHub\relation_test_code_smell_ML\dataset\projects\cassandra\test\unit\org\apache\cassandra\tools\OfflineClusterMetadataDumpTest.java,
cassandra,C:\Users\ismak\Documents\GitHub\relation_test_code_smell_ML\dataset\projects\cassandra\test\unit\org\apache\cassandra\tools\SSTableExpiredBlockersTest.java,
cassandra,C:\Users\ismak\Documents\GitHub\relation_test_code_smell_ML\dataset\projects\cassandra\test\unit\org\apache\cassandra\tools\SSTableExportSchemaLoadingTest.java,
cassandra,C:\Users\ismak\Documents\GitHub\relation_test_code_smell_ML\dataset\projects\cassandra\test\unit\org\apache\cassandra\tools\SSTableExportTest.java,
cassandra,C:\Users\ismak\Documents\GitHub\relation_test_code_smell_ML\dataset\projects\cassandra\test\unit\org\apache\cassandra\tools\SSTableLevelResetterTest.java,
cassandra,C:\Users\ismak\Documents\GitHub\relation_test_code_smell_ML\dataset\projects\cassandra\test\unit\org\apache\cassandra\tools\SSTableMetadataViewerTest.java,
cassandra,C:\Users\ismak\Documents\GitHub\relation_test_code_smell_ML\dataset\projects\cassandra\test\unit\org\apache\cassandra\tools\SSTableOfflineRelevelTest.java,
cassandra,C:\Users\ismak\Documents\GitHub\relation_test_code_smell_ML\dataset\projects\cassandra\test\unit\org\apache\cassandra\tools\SSTablePartitionsTest.java,
cassandra,C:\Users\ismak\Documents\GitHub\relation_test_code_smell_ML\dataset\projects\cassandra\test\unit\org\apache\cassandra\tools\SSTableRepairedAtSetterTest.java,
cassandra,C:\Users\ismak\Documents\GitHub\relation_test_code_smell_ML\dataset\projects\cassandra\test\unit\org\apache\cassandra\tools\StandaloneScrubberTest.java,
cassandra,C:\Users\ismak\Documents\GitHub\relation_test_code_smell_ML\dataset\projects\cassandra\test\unit\org\apache\cassandra\tools\StandaloneSplitterTest.java,
cassandra,C:\Users\ismak\Documents\GitHub\relation_test_code_smell_ML\dataset\projects\cassandra\test\unit\org\apache\cassandra\tools\StandaloneSplitterWithCQLTesterTest.java,
cassandra,C:\Users\ismak\Documents\GitHub\relation_test_code_smell_ML\dataset\projects\cassandra\test\unit\org\apache\cassandra\tools\StandaloneSSTableUtilTest.java,
cassandra,C:\Users\ismak\Documents\GitHub\relation_test_code_smell_ML\dataset\projects\cassandra\test\unit\org\apache\cassandra\tools\StandaloneUpgraderOnSStablesTest.java,
cassandra,C:\Users\ismak\Documents\GitHub\relation_test_code_smell_ML\dataset\projects\cassandra\test\unit\org\apache\cassandra\tools\StandaloneUpgraderTest.java,
cassandra,C:\Users\ismak\Documents\GitHub\relation_test_code_smell_ML\dataset\projects\cassandra\test\unit\org\apache\cassandra\tools\StandaloneVerifierOnSSTablesTest.java,
cassandra,C:\Users\ismak\Documents\GitHub\relation_test_code_smell_ML\dataset\projects\cassandra\test\unit\org\apache\cassandra\tools\StandaloneVerifierTest.java,
cassandra,C:\Users\ismak\Documents\GitHub\relation_test_code_smell_ML\dataset\projects\cassandra\test\unit\org\apache\cassandra\tools\ToolsEnvsConfigsTest.java,
cassandra,C:\Users\ismak\Documents\GitHub\relation_test_code_smell_ML\dataset\projects\cassandra\test\unit\org\apache\cassandra\tools\ToolsSchemaLoadingTest.java,
cassandra,C:\Users\ismak\Documents\GitHub\relation_test_code_smell_ML\dataset\projects\cassandra\test\unit\org\apache\cassandra\tools\TopPartitionsTest.java,
cassandra,C:\Users\ismak\Documents\GitHub\relation_test_code_smell_ML\dataset\projects\cassandra\test\unit\org\apache\cassandra\tracing\TracingTest.java,
cassandra,C:\Users\ismak\Documents\GitHub\relation_test_code_smell_ML\dataset\projects\cassandra\test\unit\org\apache\cassandra\transport\AuthenticationTest.java,
cassandra,C:\Users\ismak\Documents\GitHub\relation_test_code_smell_ML\dataset\projects\cassandra\test\unit\org\apache\cassandra\transport\AuthMessageSizeLimitTest.java,
cassandra,C:\Users\ismak\Documents\GitHub\relation_test_code_smell_ML\dataset\projects\cassandra\test\unit\org\apache\cassandra\transport\CBUtilTest.java,
cassandra,C:\Users\ismak\Documents\GitHub\relation_test_code_smell_ML\dataset\projects\cassandra\test\unit\org\apache\cassandra\transport\ClientNotificationsTest.java,
cassandra,C:\Users\ismak\Documents\GitHub\relation_test_code_smell_ML\dataset\projects\cassandra\test\unit\org\apache\cassandra\transport\ClientResourceLimitsTest.java,
cassandra,C:\Users\ismak\Documents\GitHub\relation_test_code_smell_ML\dataset\projects\cassandra\test\unit\org\apache\cassandra\transport\ConnectionTrackerTest.java,
cassandra,C:\Users\ismak\Documents\GitHub\relation_test_code_smell_ML\dataset\projects\cassandra\test\unit\org\apache\cassandra\transport\CQLConnectionTest.java,
cassandra,C:\Users\ismak\Documents\GitHub\relation_test_code_smell_ML\dataset\projects\cassandra\test\unit\org\apache\cassandra\transport\CQLUserAuditTest.java,
cassandra,C:\Users\ismak\Documents\GitHub\relation_test_code_smell_ML\dataset\projects\cassandra\test\unit\org\apache\cassandra\transport\DataTypeTest.java,
cassandra,C:\Users\ismak\Documents\GitHub\relation_test_code_smell_ML\dataset\projects\cassandra\test\unit\org\apache\cassandra\transport\DeletionTimeDeSerTest.java,
cassandra,C:\Users\ismak\Documents\GitHub\relation_test_code_smell_ML\dataset\projects\cassandra\test\unit\org\apache\cassandra\transport\EarlyAuthenticationTest.java,
cassandra,C:\Users\ismak\Documents\GitHub\relation_test_code_smell_ML\dataset\projects\cassandra\test\unit\org\apache\cassandra\transport\EnvelopeHeaderFlagsTest.java,
cassandra,C:\Users\ismak\Documents\GitHub\relation_test_code_smell_ML\dataset\projects\cassandra\test\unit\org\apache\cassandra\transport\ErrorMessageTest.java,
cassandra,C:\Users\ismak\Documents\GitHub\relation_test_code_smell_ML\dataset\projects\cassandra\test\unit\org\apache\cassandra\transport\IdleDisconnectTest.java,
cassandra,C:\Users\ismak\Documents\GitHub\relation_test_code_smell_ML\dataset\projects\cassandra\test\unit\org\apache\cassandra\transport\MessageDispatcherTest.java,
cassandra,C:\Users\ismak\Documents\GitHub\relation_test_code_smell_ML\dataset\projects\cassandra\test\unit\org\apache\cassandra\transport\MessagePayloadTest.java,
cassandra,C:\Users\ismak\Documents\GitHub\relation_test_code_smell_ML\dataset\projects\cassandra\test\unit\org\apache\cassandra\transport\messages\AuthenticateMessageTest.java,
cassandra,C:\Users\ismak\Documents\GitHub\relation_test_code_smell_ML\dataset\projects\cassandra\test\unit\org\apache\cassandra\transport\messages\PrepareMessageTest.java,
cassandra,C:\Users\ismak\Documents\GitHub\relation_test_code_smell_ML\dataset\projects\cassandra\test\unit\org\apache\cassandra\transport\MessageSizeLimitTest.java,
cassandra,C:\Users\ismak\Documents\GitHub\relation_test_code_smell_ML\dataset\projects\cassandra\test\unit\org\apache\cassandra\transport\MutualTlsWithPasswordFallbackAuthenticatorEarlyAuthenticationTest.java,
cassandra,C:\Users\ismak\Documents\GitHub\relation_test_code_smell_ML\dataset\projects\cassandra\test\unit\org\apache\cassandra\transport\ProtocolErrorTest.java,
cassandra,C:\Users\ismak\Documents\GitHub\relation_test_code_smell_ML\dataset\projects\cassandra\test\unit\org\apache\cassandra\transport\ProtocolNegotiationTest.java,
cassandra,C:\Users\ismak\Documents\GitHub\relation_test_code_smell_ML\dataset\projects\cassandra\test\unit\org\apache\cassandra\transport\ProtocolVersionTest.java,
cassandra,C:\Users\ismak\Documents\GitHub\relation_test_code_smell_ML\dataset\projects\cassandra\test\unit\org\apache\cassandra\transport\ProtocolVersionTrackerTest.java,
cassandra,C:\Users\ismak\Documents\GitHub\relation_test_code_smell_ML\dataset\projects\cassandra\test\unit\org\apache\cassandra\transport\QueueBackpressureTest.java,
cassandra,C:\Users\ismak\Documents\GitHub\relation_test_code_smell_ML\dataset\projects\cassandra\test\unit\org\apache\cassandra\transport\RateLimitingTest.java,
cassandra,C:\Users\ismak\Documents\GitHub\relation_test_code_smell_ML\dataset\projects\cassandra\test\unit\org\apache\cassandra\transport\SerDeserTest.java,
cassandra,C:\Users\ismak\Documents\GitHub\relation_test_code_smell_ML\dataset\projects\cassandra\test\unit\org\apache\cassandra\transport\WriteBytesTest.java,
cassandra,C:\Users\ismak\Documents\GitHub\relation_test_code_smell_ML\dataset\projects\cassandra\test\unit\org\apache\cassandra\triggers\TriggerExecutorTest.java,
cassandra,C:\Users\ismak\Documents\GitHub\relation_test_code_smell_ML\dataset\projects\cassandra\test\unit\org\apache\cassandra\triggers\TriggersSchemaTest.java,
cassandra,C:\Users\ismak\Documents\GitHub\relation_test_code_smell_ML\dataset\projects\cassandra\test\unit\org\apache\cassandra\triggers\TriggersTest.java,
cassandra,C:\Users\ismak\Documents\GitHub\relation_test_code_smell_ML\dataset\projects\cassandra\test\unit\org\apache\cassandra\utils\AbstractIteratorTest.java,
cassandra,C:\Users\ismak\Documents\GitHub\relation_test_code_smell_ML\dataset\projects\cassandra\test\unit\org\apache\cassandra\utils\AbstractTypeGeneratorsTest.java,
cassandra,C:\Users\ismak\Documents\GitHub\relation_test_code_smell_ML\dataset\projects\cassandra\test\unit\org\apache\cassandra\utils\AssertionUtilsTest.java,
cassandra,C:\Users\ismak\Documents\GitHub\relation_test_code_smell_ML\dataset\projects\cassandra\test\unit\org\apache\cassandra\utils\binlog\BinLogTest.java,
cassandra,C:\Users\ismak\Documents\GitHub\relation_test_code_smell_ML\dataset\projects\cassandra\test\unit\org\apache\cassandra\utils\binlog\DeletingArchiverTest.java,
cassandra,C:\Users\ismak\Documents\GitHub\relation_test_code_smell_ML\dataset\projects\cassandra\test\unit\org\apache\cassandra\utils\binlog\ExternalArchiverTest.java,
cassandra,C:\Users\ismak\Documents\GitHub\relation_test_code_smell_ML\dataset\projects\cassandra\test\unit\org\apache\cassandra\utils\BloomFilterTest.java,
cassandra,C:\Users\ismak\Documents\GitHub\relation_test_code_smell_ML\dataset\projects\cassandra\test\unit\org\apache\cassandra\utils\btree\BTreeBiMapGuavaTest.java,
cassandra,C:\Users\ismak\Documents\GitHub\relation_test_code_smell_ML\dataset\projects\cassandra\test\unit\org\apache\cassandra\utils\btree\BTreeBiMapTest.java,
cassandra,C:\Users\ismak\Documents\GitHub\relation_test_code_smell_ML\dataset\projects\cassandra\test\unit\org\apache\cassandra\utils\btree\BTreeMapGuavaTest.java,
cassandra,C:\Users\ismak\Documents\GitHub\relation_test_code_smell_ML\dataset\projects\cassandra\test\unit\org\apache\cassandra\utils\btree\BTreeMapTest.java,
cassandra,C:\Users\ismak\Documents\GitHub\relation_test_code_smell_ML\dataset\projects\cassandra\test\unit\org\apache\cassandra\utils\btree\BTreeMultimapTest.java,
cassandra,C:\Users\ismak\Documents\GitHub\relation_test_code_smell_ML\dataset\projects\cassandra\test\unit\org\apache\cassandra\utils\btree\BTreeRemovalTest.java,
cassandra,C:\Users\ismak\Documents\GitHub\relation_test_code_smell_ML\dataset\projects\cassandra\test\unit\org\apache\cassandra\utils\btree\BTreeSearchIteratorTest.java,
cassandra,C:\Users\ismak\Documents\GitHub\relation_test_code_smell_ML\dataset\projects\cassandra\test\unit\org\apache\cassandra\utils\btree\BTreeSetGuavaTest.java,
cassandra,C:\Users\ismak\Documents\GitHub\relation_test_code_smell_ML\dataset\projects\cassandra\test\unit\org\apache\cassandra\utils\btree\BTreeTest.java,
cassandra,C:\Users\ismak\Documents\GitHub\relation_test_code_smell_ML\dataset\projects\cassandra\test\unit\org\apache\cassandra\utils\btree\IntervalBTreeTest.java,
cassandra,C:\Users\ismak\Documents\GitHub\relation_test_code_smell_ML\dataset\projects\cassandra\test\unit\org\apache\cassandra\utils\ByteArrayUtilTest.java,
cassandra,C:\Users\ismak\Documents\GitHub\relation_test_code_smell_ML\dataset\projects\cassandra\test\unit\org\apache\cassandra\utils\ByteBufferUtilTest.java,
cassandra,C:\Users\ismak\Documents\GitHub\relation_test_code_smell_ML\dataset\projects\cassandra\test\unit\org\apache\cassandra\utils\bytecomparable\AbstractTypeByteSourceTest.java,
cassandra,C:\Users\ismak\Documents\GitHub\relation_test_code_smell_ML\dataset\projects\cassandra\test\unit\org\apache\cassandra\utils\bytecomparable\ByteSourceComparisonTest.java,
cassandra,C:\Users\ismak\Documents\GitHub\relation_test_code_smell_ML\dataset\projects\cassandra\test\unit\org\apache\cassandra\utils\bytecomparable\ByteSourceConversionTest.java,
cassandra,C:\Users\ismak\Documents\GitHub\relation_test_code_smell_ML\dataset\projects\cassandra\test\unit\org\apache\cassandra\utils\bytecomparable\ByteSourceInverseTest.java,
cassandra,C:\Users\ismak\Documents\GitHub\relation_test_code_smell_ML\dataset\projects\cassandra\test\unit\org\apache\cassandra\utils\bytecomparable\ByteSourceSequenceTest.java,
cassandra,C:\Users\ismak\Documents\GitHub\relation_test_code_smell_ML\dataset\projects\cassandra\test\unit\org\apache\cassandra\utils\bytecomparable\DecoratedKeyByteSourceTest.java,
cassandra,C:\Users\ismak\Documents\GitHub\relation_test_code_smell_ML\dataset\projects\cassandra\test\unit\org\apache\cassandra\utils\BytesReadTrackerTest.java,
cassandra,C:\Users\ismak\Documents\GitHub\relation_test_code_smell_ML\dataset\projects\cassandra\test\unit\org\apache\cassandra\utils\CassandraGeneratorsTest.java,
cassandra,C:\Users\ismak\Documents\GitHub\relation_test_code_smell_ML\dataset\projects\cassandra\test\unit\org\apache\cassandra\utils\CassandraVersionTest.java,
cassandra,C:\Users\ismak\Documents\GitHub\relation_test_code_smell_ML\dataset\projects\cassandra\test\unit\org\apache\cassandra\utils\CollectionSerializersTest.java,
cassandra,C:\Users\ismak\Documents\GitHub\relation_test_code_smell_ML\dataset\projects\cassandra\test\unit\org\apache\cassandra\utils\concurrent\AbstractTransactionalTest.java,
cassandra,C:\Users\ismak\Documents\GitHub\relation_test_code_smell_ML\dataset\projects\cassandra\test\unit\org\apache\cassandra\utils\concurrent\AccumulatorTest.java,
cassandra,C:\Users\ismak\Documents\GitHub\relation_test_code_smell_ML\dataset\projects\cassandra\test\unit\org\apache\cassandra\utils\concurrent\AsyncPromiseTest.java,
cassandra,C:\Users\ismak\Documents\GitHub\relation_test_code_smell_ML\dataset\projects\cassandra\test\unit\org\apache\cassandra\utils\concurrent\ConditionTest.java,
cassandra,C:\Users\ismak\Documents\GitHub\relation_test_code_smell_ML\dataset\projects\cassandra\test\unit\org\apache\cassandra\utils\concurrent\CountDownLatchTest.java,
cassandra,C:\Users\ismak\Documents\GitHub\relation_test_code_smell_ML\dataset\projects\cassandra\test\unit\org\apache\cassandra\utils\concurrent\ImmediateFutureTest.java,
cassandra,C:\Users\ismak\Documents\GitHub\relation_test_code_smell_ML\dataset\projects\cassandra\test\unit\org\apache\cassandra\utils\concurrent\LoadingMapTest.java,
cassandra,C:\Users\ismak\Documents\GitHub\relation_test_code_smell_ML\dataset\projects\cassandra\test\unit\org\apache\cassandra\utils\concurrent\LockWithAsyncSignalTest.java,
cassandra,C:\Users\ismak\Documents\GitHub\relation_test_code_smell_ML\dataset\projects\cassandra\test\unit\org\apache\cassandra\utils\concurrent\NonBlockingRateLimiterTest.java,
cassandra,C:\Users\ismak\Documents\GitHub\relation_test_code_smell_ML\dataset\projects\cassandra\test\unit\org\apache\cassandra\utils\concurrent\RefCountedTest.java,
cassandra,C:\Users\ismak\Documents\GitHub\relation_test_code_smell_ML\dataset\projects\cassandra\test\unit\org\apache\cassandra\utils\concurrent\SemaphoreTest.java,
cassandra,C:\Users\ismak\Documents\GitHub\relation_test_code_smell_ML\dataset\projects\cassandra\test\unit\org\apache\cassandra\utils\concurrent\WeightedQueueTest.java,
cassandra,C:\Users\ismak\Documents\GitHub\relation_test_code_smell_ML\dataset\projects\cassandra\test\unit\org\apache\cassandra\utils\ConfigGenBuilderTest.java,
cassandra,C:\Users\ismak\Documents\GitHub\relation_test_code_smell_ML\dataset\projects\cassandra\test\unit\org\apache\cassandra\utils\EstimatedHistogramTest.java,
cassandra,C:\Users\ismak\Documents\GitHub\relation_test_code_smell_ML\dataset\projects\cassandra\test\unit\org\apache\cassandra\utils\FastByteOperationsTest.java,
cassandra,C:\Users\ismak\Documents\GitHub\relation_test_code_smell_ML\dataset\projects\cassandra\test\unit\org\apache\cassandra\utils\FBUtilitiesTest.java,
cassandra,C:\Users\ismak\Documents\GitHub\relation_test_code_smell_ML\dataset\projects\cassandra\test\unit\org\apache\cassandra\utils\GeneratorsTest.java,
cassandra,C:\Users\ismak\Documents\GitHub\relation_test_code_smell_ML\dataset\projects\cassandra\test\unit\org\apache\cassandra\utils\HexTest.java,
cassandra,C:\Users\ismak\Documents\GitHub\relation_test_code_smell_ML\dataset\projects\cassandra\test\unit\org\apache\cassandra\utils\HistogramBuilderTest.java,
cassandra,C:\Users\ismak\Documents\GitHub\relation_test_code_smell_ML\dataset\projects\cassandra\test\unit\org\apache\cassandra\utils\IntegerIntervalsTest.java,
cassandra,C:\Users\ismak\Documents\GitHub\relation_test_code_smell_ML\dataset\projects\cassandra\test\unit\org\apache\cassandra\utils\IntervalTreeTest.java,
cassandra,C:\Users\ismak\Documents\GitHub\relation_test_code_smell_ML\dataset\projects\cassandra\test\unit\org\apache\cassandra\utils\JavaUtilsTest.java,
cassandra,C:\Users\ismak\Documents\GitHub\relation_test_code_smell_ML\dataset\projects\cassandra\test\unit\org\apache\cassandra\utils\jmx\DuplicateJMXConfigurationTest.java,
cassandra,C:\Users\ismak\Documents\GitHub\relation_test_code_smell_ML\dataset\projects\cassandra\test\unit\org\apache\cassandra\utils\jmx\JMXSslConfigTest.java,
cassandra,C:\Users\ismak\Documents\GitHub\relation_test_code_smell_ML\dataset\projects\cassandra\test\unit\org\apache\cassandra\utils\jmx\JMXSslConfiguredWithYamlFileOptionsAndPasswordFileTest.java,
cassandra,C:\Users\ismak\Documents\GitHub\relation_test_code_smell_ML\dataset\projects\cassandra\test\unit\org\apache\cassandra\utils\jmx\JMXSslConfiguredWithYamlFileOptionsTest.java,
cassandra,C:\Users\ismak\Documents\GitHub\relation_test_code_smell_ML\dataset\projects\cassandra\test\unit\org\apache\cassandra\utils\jmx\JMXSslDisabledEncryptionOptionsTest.java,
cassandra,C:\Users\ismak\Documents\GitHub\relation_test_code_smell_ML\dataset\projects\cassandra\test\unit\org\apache\cassandra\utils\jmx\JMXSslPEMConfigTest.java,
cassandra,C:\Users\ismak\Documents\GitHub\relation_test_code_smell_ML\dataset\projects\cassandra\test\unit\org\apache\cassandra\utils\JsonUtilsTest.java,
cassandra,C:\Users\ismak\Documents\GitHub\relation_test_code_smell_ML\dataset\projects\cassandra\test\unit\org\apache\cassandra\utils\JVMStabilityInspectorTest.java,
cassandra,C:\Users\ismak\Documents\GitHub\relation_test_code_smell_ML\dataset\projects\cassandra\test\unit\org\apache\cassandra\utils\KillerForTests.java,
cassandra,C:\Users\ismak\Documents\GitHub\relation_test_code_smell_ML\dataset\projects\cassandra\test\unit\org\apache\cassandra\utils\memory\BigEndianMemoryUtilTest.java,
cassandra,C:\Users\ismak\Documents\GitHub\relation_test_code_smell_ML\dataset\projects\cassandra\test\unit\org\apache\cassandra\utils\memory\BufferPoolTest.java,
cassandra,C:\Users\ismak\Documents\GitHub\relation_test_code_smell_ML\dataset\projects\cassandra\test\unit\org\apache\cassandra\utils\memory\ContextClonerTest.java,
cassandra,C:\Users\ismak\Documents\GitHub\relation_test_code_smell_ML\dataset\projects\cassandra\test\unit\org\apache\cassandra\utils\memory\LittleEndianMemoryUtilTest.java,
cassandra,C:\Users\ismak\Documents\GitHub\relation_test_code_smell_ML\dataset\projects\cassandra\test\unit\org\apache\cassandra\utils\memory\MemoryUtilTest.java,
cassandra,C:\Users\ismak\Documents\GitHub\relation_test_code_smell_ML\dataset\projects\cassandra\test\unit\org\apache\cassandra\utils\memory\MemtableCleanerThreadTest.java,
cassandra,C:\Users\ismak\Documents\GitHub\relation_test_code_smell_ML\dataset\projects\cassandra\test\unit\org\apache\cassandra\utils\memory\NativeAllocatorTest.java,
cassandra,C:\Users\ismak\Documents\GitHub\relation_test_code_smell_ML\dataset\projects\cassandra\test\unit\org\apache\cassandra\utils\memory\NativeEndianMemoryUtilTest.java,
cassandra,C:\Users\ismak\Documents\GitHub\relation_test_code_smell_ML\dataset\projects\cassandra\test\unit\org\apache\cassandra\utils\MergeIteratorComparisonTest.java,
cassandra,C:\Users\ismak\Documents\GitHub\relation_test_code_smell_ML\dataset\projects\cassandra\test\unit\org\apache\cassandra\utils\MergeIteratorTest.java,
cassandra,C:\Users\ismak\Documents\GitHub\relation_test_code_smell_ML\dataset\projects\cassandra\test\unit\org\apache\cassandra\utils\MerkleTreesTest.java,
cassandra,C:\Users\ismak\Documents\GitHub\relation_test_code_smell_ML\dataset\projects\cassandra\test\unit\org\apache\cassandra\utils\MerkleTreeTest.java,
cassandra,C:\Users\ismak\Documents\GitHub\relation_test_code_smell_ML\dataset\projects\cassandra\test\unit\org\apache\cassandra\utils\MonotonicClockTest.java,
cassandra,C:\Users\ismak\Documents\GitHub\relation_test_code_smell_ML\dataset\projects\cassandra\test\unit\org\apache\cassandra\utils\NativeLibraryTest.java,
cassandra,C:\Users\ismak\Documents\GitHub\relation_test_code_smell_ML\dataset\projects\cassandra\test\unit\org\apache\cassandra\utils\NoSpamLoggerTest.java,
cassandra,C:\Users\ismak\Documents\GitHub\relation_test_code_smell_ML\dataset\projects\cassandra\test\unit\org\apache\cassandra\utils\ObjectSizesTest.java,
cassandra,C:\Users\ismak\Documents\GitHub\relation_test_code_smell_ML\dataset\projects\cassandra\test\unit\org\apache\cassandra\utils\obs\OffHeapBitSetTest.java,
cassandra,C:\Users\ismak\Documents\GitHub\relation_test_code_smell_ML\dataset\projects\cassandra\test\unit\org\apache\cassandra\utils\OrderedKeysTest.java,
cassandra,C:\Users\ismak\Documents\GitHub\relation_test_code_smell_ML\dataset\projects\cassandra\test\unit\org\apache\cassandra\utils\OverlapIteratorTest.java,
cassandra,C:\Users\ismak\Documents\GitHub\relation_test_code_smell_ML\dataset\projects\cassandra\test\unit\org\apache\cassandra\utils\OverlapsTest.java,
cassandra,C:\Users\ismak\Documents\GitHub\relation_test_code_smell_ML\dataset\projects\cassandra\test\unit\org\apache\cassandra\utils\PreSortedBubbleInsertTest.java,
cassandra,C:\Users\ismak\Documents\GitHub\relation_test_code_smell_ML\dataset\projects\cassandra\test\unit\org\apache\cassandra\utils\RangeTreeTest.java,
cassandra,C:\Users\ismak\Documents\GitHub\relation_test_code_smell_ML\dataset\projects\cassandra\test\unit\org\apache\cassandra\utils\SerializationsTest.java,
cassandra,C:\Users\ismak\Documents\GitHub\relation_test_code_smell_ML\dataset\projects\cassandra\test\unit\org\apache\cassandra\utils\SimpleBitSetSerializersTest.java,
cassandra,C:\Users\ismak\Documents\GitHub\relation_test_code_smell_ML\dataset\projects\cassandra\test\unit\org\apache\cassandra\utils\SimpleGraphTest.java,
cassandra,C:\Users\ismak\Documents\GitHub\relation_test_code_smell_ML\dataset\projects\cassandra\test\unit\org\apache\cassandra\utils\StatefulRangeTreeTest.java,
cassandra,C:\Users\ismak\Documents\GitHub\relation_test_code_smell_ML\dataset\projects\cassandra\test\unit\org\apache\cassandra\utils\StatusLoggerTest.java,
cassandra,C:\Users\ismak\Documents\GitHub\relation_test_code_smell_ML\dataset\projects\cassandra\test\unit\org\apache\cassandra\utils\StorageCompatibilityModeTest.java,
cassandra,C:\Users\ismak\Documents\GitHub\relation_test_code_smell_ML\dataset\projects\cassandra\test\unit\org\apache\cassandra\utils\streamhist\StreamingTombstoneHistogramBuilderTest.java,
cassandra,C:\Users\ismak\Documents\GitHub\relation_test_code_smell_ML\dataset\projects\cassandra\test\unit\org\apache\cassandra\utils\SystemInfoTest.java,
cassandra,C:\Users\ismak\Documents\GitHub\relation_test_code_smell_ML\dataset\projects\cassandra\test\unit\org\apache\cassandra\utils\TeeDataInputPlusTest.java,
cassandra,C:\Users\ismak\Documents\GitHub\relation_test_code_smell_ML\dataset\projects\cassandra\test\unit\org\apache\cassandra\utils\TestHelper.java,
cassandra,C:\Users\ismak\Documents\GitHub\relation_test_code_smell_ML\dataset\projects\cassandra\test\unit\org\apache\cassandra\utils\UUIDTest.java,
cassandra,C:\Users\ismak\Documents\GitHub\relation_test_code_smell_ML\dataset\projects\cassandra\test\unit\org\apache\cassandra\utils\vint\VIntCodingTest.java,
cassandra,C:\Users\ismak\Documents\GitHub\relation_test_code_smell_ML\dataset\projects\cassandra\tools\fqltool\test\unit\org\apache\cassandra\fqltool\commands\DumpTest.java,
cassandra,C:\Users\ismak\Documents\GitHub\relation_test_code_smell_ML\dataset\projects\cassandra\tools\fqltool\test\unit\org\apache\cassandra\fqltool\FQLCompareTest.java,
cassandra,C:\Users\ismak\Documents\GitHub\relation_test_code_smell_ML\dataset\projects\cassandra\tools\fqltool\test\unit\org\apache\cassandra\fqltool\FQLReplayTest.java,
cassandra,C:\Users\ismak\Documents\GitHub\relation_test_code_smell_ML\dataset\projects\cassandra\tools\sstableloader\test\unit\org\apache\cassandra\tools\LoaderOptionsTest.java,
cassandra,C:\Users\ismak\Documents\GitHub\relation_test_code_smell_ML\dataset\projects\cassandra\tools\stress\test\unit\org\apache\cassandra\stress\generate\DistributionGaussianTest.java,
cassandra,C:\Users\ismak\Documents\GitHub\relation_test_code_smell_ML\dataset\projects\cassandra\tools\stress\test\unit\org\apache\cassandra\stress\generate\DistributionSequenceTest.java,
cassandra,C:\Users\ismak\Documents\GitHub\relation_test_code_smell_ML\dataset\projects\cassandra\tools\stress\test\unit\org\apache\cassandra\stress\settings\OptionReplicationTest.java,
cassandra,C:\Users\ismak\Documents\GitHub\relation_test_code_smell_ML\dataset\projects\cassandra\tools\stress\test\unit\org\apache\cassandra\stress\settings\SettingsCredentialsTest.java,
cassandra,C:\Users\ismak\Documents\GitHub\relation_test_code_smell_ML\dataset\projects\cassandra\tools\stress\test\unit\org\apache\cassandra\stress\settings\SettingsMiscTest.java,
cassandra,C:\Users\ismak\Documents\GitHub\relation_test_code_smell_ML\dataset\projects\cassandra\tools\stress\test\unit\org\apache\cassandra\stress\settings\SettingsNodeTest.java,
cassandra,C:\Users\ismak\Documents\GitHub\relation_test_code_smell_ML\dataset\projects\cassandra\tools\stress\test\unit\org\apache\cassandra\stress\settings\StressSettingsTest.java,
cassandra,C:\Users\ismak\Documents\GitHub\relation_test_code_smell_ML\dataset\projects\cassandra\tools\stress\test\unit\org\apache\cassandra\stress\util\MultiResultLoggerTest.java,
